<Sz_i Sz_j >                                      
0.7636852912    , -0.001583797769 , 0.01470184345   , -0.04463113637  , -0.09852477587  , -0.08839969793  , -0.005747795341 , 0.008418143031  , 0.005762109017  , -0.004914833452 , -0.0007503881798, 0.001600622171  , 0.003321193022  , 0.0002096974733 , 0.01021488263   , 0.01004975558   , -0.002012515992 , 0.002233887313  , 0.001490387999  , 0.008367615178  , -0.001230378184 , -0.04150681648  , -0.1054450596   , -0.08674621242  , -0.02426534283  , -0.127954178    , -0.003160639489 , 0.01508356068   , 0.01639234768   , 0.01243591162   , -0.003806395906 , -0.008096594381 , -0.003996884462 , 0.002897305369  , -0.01009189184  , 0.005558265918  , 0.003274042196  , 0.004918593636  , -0.003719515284 , 0.00844309699   , -0.005223120124 , 0.003143115273  , 0.007492917911  , 0.005684371851  , -0.002245321338 , -0.02130480976  , -0.1378483975   , -0.004081931806 , -0.0004929068428, 0.003597061523  , -0.007225108657 , 0.003078719806  , -0.002547973011 , 0.004627075219  , -0.008957679708 , 0.0004818932565 , -0.004311771575 , -0.007834975188 , -0.0117015867   , -0.008270799659 , 0.0002721826205 , 0.0002463597116 , 0.002204893381  , -0.00249637096  , -0.002920118368 , -0.006708795229 , 0.002492684396  , 0.003292116553  , 0.007448000676  , 0.002342410366  , 0.003573341302  , 0.003253692264  , 0.01020248811   , -0.002800968989 , -0.0001324128078, 0.007481688767  , -0.001832915687 , 0.0001899537325 , 0.007134037944  , 0.002430375412  , 0.00383449805   , -0.000584435419 , 0.007653086921  , 0.002041150682  , 0.002905744882  , -0.004444945286 , 0.009760063826  , 0.00646083941   , -0.01108615556  , 0.007916890068  , -0.001083303961 , 0.004295608443  , -0.003820825309 , -0.01093576237  , 9.058430921e-05 , -0.001018272074 
-0.001583797769 , 0.5819372097    , 0.008488273219  , -0.09287670731  , 0.01148408412   , -0.05166586075  , 0.002298434536  , -0.01768038871  , 0.0005995697711 , -0.005633812652 , 0.0009180668642 , 0.0002896015198 , -0.001224665334 , 0.003186646414  , 0.004820820763  , 0.002711768943  , -0.01077894094  , -0.00198343697  , -0.00234201032  , -0.005982746193 , 0.005015224328  , -0.1008052595   , 0.01443415315   , -0.05037716489  , -0.01830106036  , 0.002949296335  , -0.009832256967 , 0.0008879535779 , 0.008937797913  , 0.004811726775  , 0.0003031837603 , 0.003038857682  , 0.0002742829537 , -0.005313712133 , -0.002415272365 , -0.001275871023 , -0.0007642583009, 0.004390405337  , 0.002022919774  , -0.001989842518 , -0.004455486532 , -0.004702600828 , 0.007484172864  , 0.007162224157  , 0.001083556118  , -0.009413287429 , 0.0154836572    , -0.01046909974  , -0.003438730205 , 0.00616203889   , 0.006066553023  , -0.01307002104  , 0.0003443193785 , 0.00840050055   , -0.0002386789102, 0.0050857799    , 0.002010107713  , -0.006140004752 , 0.002701457593  , 0.002190026176  , -0.003203827151 , 0.005172073773  , 0.003007265417  , -0.004715174494 , -0.003333601703 , 0.0016073825    , 0.00304593236   , -0.001033161131 , 0.002498383676  , 0.001695902382  , -0.003393669559 , -0.002895010803 , -0.008838350717 , -0.006107490562 , -0.004812504889 , -0.005677753359 , 0.001089667903  , 0.004879346492  , -0.003638697436 , -0.002272646475 , 0.001307675548  , -0.00319913201  , 0.006033548346  , 0.001035308703  , -0.006210876719 , 0.003481299491  , -0.006328284166 , -0.0004985858089, -0.005385177148 , 0.001345233792  , 0.004386371153  , 0.0007885117558 , 0.006662161139  , 0.007706006422  , 0.0001841943857 , 0.01241623432   
0.01470184345   , 0.008488273219  , 0.5678202397    , -0.08926245775  , -0.04703379756  , 0.0007207640368 , 0.001045651654  , 0.001782461243  , 0.002913089969  , 0.004697614085  , -0.003403279915 , 0.001655850779  , -0.004462026111 , -0.003801137504 , 0.005805705641  , 0.006990408498  , 0.00964469354   , 0.001957702726  , -0.01172431149  , 0.005347860115  , 0.004904986816  , -0.07978999522  , -0.05120402365  , 0.003137643402  , -0.09855905095  , -0.06740152826  , -0.01268719891  , 0.0004159138577 , 0.0006141646508 , -0.003494190775 , 0.01146285531   , -0.001452262846 , 0.001566965447  , 0.003230410187  , -0.0006046620356, 0.001787152406  , -0.001500547044 , -0.001880476374 , 0.003370252335  , -0.01163315757  , 0.004315386135  , 0.005433382538  , -0.004034978483 , 0.009357656673  , 0.007426416247  , -0.101592301    , -0.06978601917  , -0.01499310548  , -0.003068719491 , 0.007447628221  , -0.00064445163  , -0.005533201842 , -0.001974008016 , 0.004555188441  , -0.003199587116 , -0.004064505467 , 0.007586945226  , -0.001054401946 , -0.004390080674 , -0.003932046577 , 0.001292554956  , 0.002375035788  , 0.001590544346  , -0.009217533728 , -0.00187773446  , 6.094951877e-05 , 0.003805032303  , 0.002435834669  , -0.0002205009874, 0.005570738438  , 0.005231144215  , -0.001847727871 , 0.001622027304  , 0.002701648463  , -0.004954182425 , -0.0003669690192, 0.0006717867363 , -0.001281890832 , -0.0001341898832, 0.0006636390984 , -0.0004392726829, -0.004906440093 , -0.003026042734 , 0.000772478533  , -0.003849036067 , 0.0002112396022 , 0.00359429425   , -0.0005005525679, -0.001612607703 , 0.003013598435  , -0.005206528095 , 0.002248713402  , -0.002439336822 , 0.001914157416  , 0.003282897069  , 0.000792713221  
-0.04463113637  , -0.09287670731  , -0.08926245775  , 0.7624648683    , 0.003348352983  , 0.01787322227   , -0.03745323119  , -0.1025597578   , -0.08928619819  , 0.003179043196  , -0.001409425395 , -0.002714020665 , -0.005184168341 , 0.006901483804  , -0.003640192843 , -0.0007640714462, -0.0004401823386, -0.002553159604 , 0.0126067784    , -0.00648051168  , -0.004709747499 , -0.0002190404578, 0.005392203892  , -0.001544425635 , -0.01697834557  , -0.1244580758   , -0.000118335887 , -0.01832448699  , -0.1342682528   , -0.000174213646 , 0.01181491404   , 0.004422048411  , 0.006579742933  , -0.009227453949 , -0.0002625476161, 0.003513685304  , 0.005162906235  , 0.004607402526  , 0.001162171262  , -0.002697094347 , -0.001109953578 , 0.00495833397   , 0.004734885017  , 0.003644273661  , 0.00186468397   , 0.0001775089651 , 0.009094932444  , -0.0008536394368, -0.004440699203 , 0.003070441807  , 0.005506794431  , -0.002537200873 , -0.0006881329368, -0.002388550169 , -0.005091598946 , 0.001161019643  , -0.006774136031 , 0.0008754453868 , -0.0004122517357, 0.003379144672  , -0.001772094263 , 0.0001804846442 , -0.003440070323 , -0.0002424996901, -0.0002542208064, -0.003093902306 , -0.003874677457 , 0.001675743542  , 0.00342359484   , -0.006488675958 , 0.009602117996  , -0.003806162895 , -0.003112465658 , -4.503221507e-07, 7.375337503e-05 , 0.01382066366   , -0.002366467463 , 0.0001756226614 , -0.002852919961 , 0.007667549021  , 0.002598294778  , 0.002601818493  , -0.006581526378 , 0.001891036056  , 0.00793462662   , 0.005421671469  , -0.0006990348314, 0.004894678432  , 0.002211088703  , -0.002490230625 , -0.008443134458 , -8.431017527e-06, -0.003218780306 , -0.003279596624 , -0.003772382371 , 0.002875329583  
-0.09852477587  , 0.01148408412   , -0.04703379756  , 0.003348352983  , 0.5803094494    , 0.003523923283  , -0.1037267328   , 0.006483460498  , -0.04537910461  , -0.005036941972 , -0.02659670078  , 0.002888249478  , 0.004328803971  , 0.0005643709536 , -0.002721501787 , 0.004337327002  , 0.004115940637  , 0.001514207069  , 0.009638634887  , -0.01069655165  , 0.0007788042579 , -0.002819757533 , -0.02094702291  , -0.003735727166 , -0.01667857935  , 0.006639104184  , -0.01085163933  , -0.01081126555  , 0.01224512393   , -0.00898085617  , 0.009548650009  , 0.006663775256  , -0.003958962132 , -0.00398481535  , 0.001481641922  , -0.001652710135 , -0.007262256257 , 0.0009593337769 , 0.001145430199  , -0.005381952525 , -0.007087523453 , -0.005686733385 , -0.002449816246 , 0.001926544965  , 0.00343642303   , 0.01371566641   , 0.005259689275  , 0.007616674968  , 0.002024470029  , 0.00437840904   , -0.001258220716 , -0.004477009052 , -0.001582712694 , -0.003056573942 , 0.001859802189  , -0.0002386678353, 0.002197296078  , -0.000386503246 , 0.004990237165  , 0.00668142663   , -0.006904512381 , -0.0004471042693, 0.007567191464  , 0.001658906958  , 0.00144996905   , -9.903152275e-05, 0.001997212238  , -0.007469669195 , -0.007750319245 , 0.001946118131  , 0.001634703032  , -0.003861345413 , 0.007835353075  , 0.002197810056  , 0.004445833636  , 0.006352498665  , -0.002653597079 , -0.003802266245 , -0.002633016149 , 0.0006171110662 , -0.0030246444   , 0.003753699923  , -0.000542430679 , -0.007608656167 , 0.0005331761404 , 0.004123960908  , -0.003507471897 , 0.007099404508  , 0.002519867346  , -0.005365285019 , -0.003430775484 , -0.003304310162 , -0.003762976424 , 0.01012724629   , -0.001926827326 , 0.0002746114709 
-0.08839969793  , -0.05166586075  , 0.0007207640368 , 0.01787322227   , 0.003523923283  , 0.5699488531    , -0.07732476393  , -0.05147020134  , 0.006823255095  , 0.0004333896684 , -0.00202664425  , -0.0003303678238, 0.004524466007  , 0.003720232273  , -0.004397145949 , -0.00695109097  , 0.004643334753  , 0.001498724441  , 0.0001318063559 , 0.003857793786  , 0.002115152441  , 0.005588927591  , -0.001670027149 , 0.004367821421  , -0.1030199421   , -0.0744000522   , -0.0199054847   , -0.1109818716   , -0.07876883753  , -0.01963012093  , 0.002166445054  , 0.007413689475  , 0.002014036059  , -0.0006402826315, 0.001221484171  , 0.002842589099  , -0.006538443064 , 0.0009483541378 , 0.003353270018  , -0.007451862564 , 0.003927752413  , 0.002229218612  , -0.00376454102  , 0.001335462583  , 0.0003676363905 , -0.0006412860615, 0.01111343308   , 0.002486579618  , 0.00761432007   , 0.008789319552  , -0.001625292617 , 0.005743731412  , 0.00117414281   , -0.006848714735 , -0.003306925079 , -0.0007787412757, 0.002975218696  , 0.0006772751524 , 0.001182686589  , 0.0001087568645 , 0.001862912911  , 0.005199703561  , 0.004818217114  , 0.002032623329  , 0.001498165818  , 0.001921034439  , -0.005271662671 , 0.003081873854  , -0.007378199448 , 0.006969302253  , 0.006434804463  , -0.001166091032 , 0.001344687999  , 0.007167132084  , 0.002479770653  , 0.00268848676   , -0.001158112311 , -0.0003256966713, -0.001206753364 , -0.00355842097  , 0.002869048072  , 0.0004476673887 , -0.007651794747 , 0.0002910328943 , -0.006195058279 , -0.005570299838 , -0.002652274222 , 0.002760298565  , 0.003564729191  , 0.003163948739  , -0.0006710011547, 0.002336918847  , 0.0001108493704 , -2.857513618e-05, -0.001631359227 , 0.001049440245  
-0.005747795341 , 0.002298434536  , 0.001045651654  , -0.03745323119  , -0.1037267328   , -0.07732476393  , 0.7651593632    , 0.003016348408  , 0.01119171018   , -0.03382634773  , -0.0982199223   , -0.08292169107  , 0.005217021691  , 0.002679303397  , -0.004512288274 , -0.003132759882 , -0.00362507594  , -0.007801959194 , -0.008868602526 , 0.004107379047  , 0.005186602279  , 0.001169482575  , 0.003133332186  , -0.002365394649 , 0.006401820152  , 0.01104524834   , 0.004753454247  , -0.01616610321  , -0.1314441264   , -0.009506795247 , -0.01513526328  , -0.1344606453   , 0.001257218276  , 0.009821687599  , 0.006517763628  , 0.003609538598  , -0.0006546862799, 0.000565056013  , 0.00139962215   , 0.006374804724  , -0.001893896581 , 0.003189476873  , 0.009626752498  , 0.007757134794  , -0.005672284336 , -0.005271906808 , -0.0008492899607, 0.001746533104  , 0.003485914416  , -0.0001272696801, 0.0005647080768 , -0.002889293506 , -0.003061967473 , 3.90209241e-05  , 0.00474347881   , 0.001599976016  , -0.001626775257 , -0.008277596083 , -0.0005791355083, -0.00159544353  , 0.005976952582  , -0.002486161736 , -0.004652165254 , -0.001594856034 , -0.005693576821 , 0.008056666574  , -0.00488987634  , 0.005035506772  , 0.006728900524  , -0.002985354282 , -0.001778576416 , 0.007614613074  , -0.001828350985 , -0.004910434493 , -0.002140102079 , -0.005150669862 , 0.002665813382  , -0.006175209938 , 0.008464874815  , 0.0009499754805 , 0.0007020309548 , 0.010808895     , -0.00722344678  , 0.006611495198  , 0.009001442124  , -0.001472405447 , 0.01050342579   , -0.002319266212 , -0.0007830771474, -0.006040928043 , -0.009715324931 , -3.003504606e-05, 0.0009622718938 , 0.002456097822  , 0.00185533483   , 0.002598852815  
0.008418143031  , -0.01768038871  , 0.001782461243  , -0.1025597578   , 0.006483460498  , -0.05147020134  , 0.003016348408  , 0.5817152767    , 0.01331152023   , -0.08795164164  , -0.005588897472 , -0.05245095541  , 0.01224382342   , -0.02255307284  , 0.003911815512  , 0.009014546888  , -0.01495331737  , -7.169074786e-05, -0.0004113667037, -0.0008329759664, -0.001764495655 , 0.001632388315  , -0.00827185208  , 0.004846181122  , -0.005894750495 , 0.002813017452  , 0.001659785109  , -0.009833708297 , 0.008436647326  , -0.005450702588 , -0.01012122498  , 0.004721307157  , -0.01314030686  , 0.002736233481  , 0.007691631309  , 0.003307679888  , -0.001250097027 , -0.008759388617 , 0.001792632746  , 0.001504152287  , -0.00180059968  , 0.0006948622252 , -0.002035379359 , -0.0006736145018, -0.01085559326  , -0.004714457666 , -0.003948615466 , -0.001578262044 , -0.005361315664 , -0.004452518784 , 0.003532157176  , 0.003585215825  , -0.00346089254  , 0.0008862918048 , -0.001032287596 , 0.001059344817  , -0.001524588375 , -0.004179314849 , 0.003477575668  , 0.003148897622  , -0.0135437821   , 0.003701201954  , 0.0002646440298 , -0.003556206718 , 0.0001156535834 , -0.0002790941122, -0.0004986208923, 0.005897959396  , 0.006352380765  , -0.005244431796 , 0.005112606648  , 0.005701182428  , -0.002428036505 , 0.0002180641956 , 0.01078661536   , -0.001405896693 , 0.005000442709  , -0.00298183279  , 0.007329389361  , -0.0030712009   , -0.006006297813 , -0.002214034933 , 0.004514969434  , -0.006118294337 , 0.006075201159  , 0.001525920451  , 0.0111414792    , -0.004398883691 , -0.002114886623 , -0.00133746228  , -0.004998640122 , 0.001423078401  , -0.007089354192 , 0.0003069309599 , 0.004727282795  , -0.004388343437 
0.005762109017  , 0.0005995697711 , 0.002913089969  , -0.08928619819  , -0.04537910461  , 0.006823255095  , 0.01119171018   , 0.01331152023   , 0.5641751011    , -0.08484724415  , -0.04947809381  , 0.003236535239  , 0.001680935899  , 0.0006189007405 , 0.004431966217  , -0.001568958517 , 0.001537518499  , -0.002870005733 , 0.003663442269  , 0.004163827176  , 0.003124146491  , 0.004836730021  , -0.0008978994674, -0.006810500335 , 0.008359899478  , 0.003490764856  , 0.004670135591  , -0.110822369    , -0.07480390564  , -0.009988501688 , -0.1033083941   , -0.0659519428   , -0.01226461728  , -0.0001369958282, 0.004486487684  , 0.005872471519  , 0.004522491718  , 0.0008372089184 , 0.001095478962  , -0.003047717305 , 0.001562359664  , -0.003660475307 , -0.004774036136 , -0.001698056525 , 0.002557389419  , 0.005397419454  , -0.005523830866 , -0.00380427849  , -0.005177860907 , -0.0006952507063, -0.007606803038 , 0.00585380859   , 0.01112407625   , 0.002188556268  , -0.005492995138 , -0.00290105712  , -0.00109170221  , 0.001600880835  , 0.002091822456  , 0.004149697793  , 0.0008951385797 , 0.001793128233  , 0.001718837583  , -0.002139106687 , -0.002994189329 , 0.002743770191  , -0.003930549564 , 0.00379417522   , -0.001573680219 , 0.0002597751423 , 0.002044969768  , -0.001130180001 , 0.002663642662  , 0.0004358495868 , -0.0001784799059, -0.005070046597 , 0.0001790656064 , 0.001415226178  , -0.005705337204 , -0.001870149089 , 0.001090891396  , 0.00397905329   , -0.004362484455 , -0.005284840429 , 0.008652493398  , -0.002024671762 , 0.001729634368  , -0.0003523701703, -0.001974856452 , -0.004979633485 , 0.002656915188  , 0.002019780438  , 0.002685825615  , 0.002088986609  , 0.001056930501  , 0.0064783368    
-0.004914833452 , -0.005633812652 , 0.004697614085  , 0.003179043196  , -0.005036941972 , 0.0004333896684 , -0.03382634773  , -0.08795164164  , -0.08484724415  , 0.7630528852    , 0.006781779105  , 0.01396612686   , -0.04200651584  , -0.1104935412   , -0.0860395532   , 0.008445616746  , 0.004916831157  , -0.002216382162 , -0.01060742378  , 0.004149653349  , -0.004899812545 , -0.004077843228 , -0.005252836865 , 0.006590467847  , -0.003099406093 , -2.476633619e-05, -0.001035027381 , 0.01236310762   , 0.01328732609   , 0.00869910005   , -0.03210669285  , -0.128469304    , -0.007320103527 , -0.01355471398  , -0.1325722492   , -0.001339680541 , 0.006969334556  , 0.01234216065   , -0.002367648992 , 0.002008699532  , -0.003821273367 , 0.003491231219  , -0.001035971026 , 0.002607165339  , 0.007954517377  , -0.01301824178  , -0.0005454940604, 0.0105570725    , 0.003120607794  , 0.007483193564  , -0.0003713089296, -0.009870813843 , 0.002457116628  , -0.005045294096 , 0.006604653834  , 0.01604582575   , 0.005130588982  , -0.01026127449  , -0.002637462306 , -0.001805446877 , -0.001605780015 , -0.004321764051 , -0.005749193199 , 0.005724458049  , 0.0006994200779 , -0.004697271254 , -0.00419427933  , -0.005309760573 , -0.005465395437 , -0.01180889848  , 0.004882221102  , 0.006779330322  , -0.01805680474  , 0.0003490248434 , -0.002555615322 , 0.00238681629   , 0.007265107306  , -0.0001457169948, 0.006639945819  , -0.005885280506 , 0.003637250504  , -0.001692050071 , 0.007510703095  , -0.001296244981 , 0.0005024107832 , 0.00304912061   , -0.000504461881 , -0.002498656191 , 0.004192000692  , 0.004498670382  , 0.002215218954  , 0.002305305213  , 0.01304016462   , -0.004468852124 , 0.004269102295  , -0.004668753087 
-0.0007503881798, 0.0009180668642 , -0.003403279915 , -0.001409425395 , -0.02659670078  , -0.00202664425  , -0.0982199223   , -0.005588897472 , -0.04947809381  , 0.006781779105  , 0.5847001703    , 0.01182231171   , -0.1087913794   , -0.003065589265 , -0.05590921899  , 0.01420466702   , -0.03434893883  , 0.003528161457  , 0.006166510995  , -0.004798339127 , -0.006662001444 , -0.001360040096 , 0.0004140776942 , -0.007599228585 , -0.001908146308 , 0.001619575651  , -0.001228563475 , 0.005743340005  , 0.01003856223   , 0.005368758313  , -0.008181598405 , 0.00490805635   , -0.008244865065 , -0.01492652272  , 0.005625966438  , -0.01479654991  , 0.00499474601   , 0.00574529533   , 0.001138697951  , 0.0004777259585 , 0.002906894066  , -0.004043133035 , -0.0001778134201, 0.00247995458   , 0.002141594062  , 0.00331203204   , 0.0004930787357 , 0.001738283449  , -0.0004816397629, 0.001712864456  , 0.004186487447  , -0.009950987319 , -0.01110410119  , -0.007374319401 , 0.004735061379  , 0.00472191143   , 0.0004084813973 , -0.002540132288 , -0.005935328243 , -0.0002509568847, -0.005721068823 , 0.008014381621  , 0.002586861005  , 0.006071516998  , -0.004880387995 , -0.0004300766115, 0.0009802461169 , -0.004872657726 , 0.0006441831054 , 0.004528790288  , 0.0012912691    , -0.003404603263 , 0.005764670734  , 0.009204744844  , -0.0004001838829, -0.002692209238 , -0.0005341955545, 0.005821781763  , -0.006444823057 , 0.001908309005  , 0.0001663370932 , 0.007181553933  , 8.236893465e-05 , 0.006730690637  , -0.01539457108  , -0.0001005296131, 0.0008522458676 , 0.005124120552  , -0.002277359653 , 0.01332074913   , 0.004070981462  , -0.007736343906 , -0.006426212458 , 0.005194196132  , 0.001137558398  , -0.008484698566 
0.001600622171  , 0.0002896015198 , 0.001655850779  , -0.002714020665 , 0.002888249478  , -0.0003303678238, -0.08292169107  , -0.05245095541  , 0.003236535239  , 0.01396612686   , 0.01182231171   , 0.5698575062    , -0.0903151598   , -0.05482404656  , -0.001621443511 , 0.004449546373  , 0.002403133324  , -0.001552899934 , 0.009155184046  , -0.002560076883 , -0.003816981426 , -0.002903723808 , 0.002875896673  , 0.0001060491887 , 0.002717055382  , 0.0008234051801 , 0.002595368897  , 0.004397015937  , 0.004113979029  , 0.008146872257  , -0.1144235525   , -0.0679734384   , -0.01586598073  , -0.1040696475   , -0.07100656857  , -0.01473229486  , 0.008713567696  , 0.008665513486  , 0.0009048246702 , 0.005373025717  , 0.0004309208449 , -0.001838658559 , 0.004442385475  , 0.002027827213  , 0.002496955988  , -0.003172022074 , -0.005805149425 , -0.002153206053 , -0.003595048175 , -0.001903602289 , -0.002890472883 , -0.00624746343  , 0.00515255097   , -0.002406559322 , 8.840961868e-05 , 0.01413672592   , -0.00609633834  , 0.005959950802  , 0.003255088931  , -0.001136021118 , 0.0005317749952 , -0.007688596374 , 0.001073161394  , -0.001403092611 , -0.001363660029 , 0.001790361283  , 0.007674120232  , -0.002838387295 , -0.002510483255 , -0.003397702061 , -0.00314188656  , 0.003705157369  , 0.00617984602   , -0.001825531883 , -0.006042835329 , 0.003172698689  , 0.002562950093  , 0.004757479675  , -0.001619045157 , 0.002637106936  , -0.0009179987508, -0.0005652720901, -0.005779577567 , -0.004289005086 , 0.001269611721  , 0.003140637259  , -0.002324338835 , 0.002499319969  , 0.00209632008   , -0.003211780587 , 0.007573486778  , -0.004132563242 , -0.001979411372 , 0.0009983905494 , 0.001678930348  , -0.003886795971 
0.003321193022  , -0.001224665334 , -0.004462026111 , -0.005184168341 , 0.004328803971  , 0.004524466007  , 0.005217021691  , 0.01224382342   , 0.001680935899  , -0.04200651584  , -0.1087913794   , -0.0903151598   , 0.7612515962    , 0.01199697897   , 0.01290060396   , -0.04303615234  , -0.09297815152  , -0.08219695066  , -0.004202901355 , -0.006570105123 , 0.007680887723  , 0.004462616615  , 0.002602048352  , -0.007383571413 , -0.01280984119  , 0.002751603506  , -0.003736970749 , -0.003004885452 , 0.007086304053  , -0.003733748004 , 0.005094656428  , 0.01227098909   , 0.001022607899  , -0.0188394235   , -0.1243212421   , -0.0008691298475, -0.01420198638  , -0.1284526658   , 0.004144440107  , -0.0002171718966, 0.005454434083  , 0.005638111344  , -0.0008569848869, 0.0003235229953 , 0.002571803551  , 0.01505398669   , 0.008859710185  , 0.001593082253  , -0.01021413319  , 0.001238533513  , -0.0005579453849, 0.004208069967  , 0.006140486115  , 0.0005858316135 , -0.009522194022 , 0.003558731837  , 0.0009596077621 , -0.01214644164  , 0.00426206081   , -0.002327921359 , -0.003593610464 , -0.00187040963  , -0.01149620749  , 0.002250774943  , 0.003849027038  , 0.004016416301  , -0.004255323358 , -0.004723528149 , -1.361107905e-05, 0.00278765727   , -0.002726190035 , -0.00816396457  , 0.002643120146  , -0.0007820845758, 0.002406381404  , -0.004831090591 , -0.0009702707772, -0.007525292735 , 0.008165014525  , 0.005778216668  , 0.007786922781  , 0.008700902907  , 0.004989748583  , 0.0007205011734 , 0.01142876502   , 0.0009900025525 , -0.01116797528  , -0.004954626726 , -0.002357682097 , -0.006195519645 , -0.004124569584 , 0.009339296709  , 0.006641139117  , -0.007062227753 , 0.006958991365  , 0.006195145471  
0.0002096974733 , 0.003186646414  , -0.003801137504 , 0.006901483804  , 0.0005643709536 , 0.003720232273  , 0.002679303397  , -0.02255307284  , 0.0006189007405 , -0.1104935412   , -0.003065589265 , -0.05482404656  , 0.01199697897   , 0.5799735939    , 0.009272642664  , -0.1060187557   , 0.0002616053893 , -0.05208800072  , -0.0004673997223, -0.01202904563  , -0.0008705713622, 0.002899823442  , -0.001293255142 , -0.00853409259  , -0.0006143752188, 0.0009820013353 , 0.0003626949647 , -0.007214751078 , 0.00091528671   , -0.004546363269 , 0.00954103043   , 0.008518702201  , 0.00506750126   , -0.004520047817 , 0.006909697056  , -0.008660041259 , -0.01875006082  , 0.0073915689    , -0.01126381178  , 0.01097005731   , 0.006990012637  , -0.0005724204178, 0.001793353947  , 0.0008649460289 , -0.008914450653 , 0.002283854842  , 0.002221547695  , -0.002012817701 , 5.995114543e-05 , -0.001712795577 , -0.0004508916451, 0.01002807941   , 0.001872673024  , 0.00400934859   , -0.007766336695 , -0.004778416596 , 0.0031904651    , 0.00455294636   , 0.006299682582  , -0.0002278477895, -0.005779479886 , 0.001186184653  , -0.0002511383689, 0.008694302567  , 0.0004849011096 , -0.004707866556 , 0.005168905832  , -0.0008280685501, -0.004516268367 , 0.01195695594   , -0.004086354973 , 0.0004440103766 , -0.001587267749 , -0.006541265205 , -0.001356354383 , -0.002283642174 , -0.008488618212 , 0.008898160342  , 0.0006484642331 , 0.0007989820434 , 0.005921333168  , 0.00110363289   , 0.00256681258   , -0.00622365396  , 0.0003827333874 , -0.001433328298 , -0.006995503414 , 0.008414141161  , -0.001732180948 , -0.000379426868 , -0.0008371111445, -0.003464323516 , -0.004880888133 , -0.00759523285  , 0.002751970153  , 0.007351463259  
0.01021488263   , 0.004820820763  , 0.005805705641  , -0.003640192843 , -0.002721501787 , -0.004397145949 , -0.004512288274 , 0.003911815512  , 0.004431966217  , -0.0860395532   , -0.05590921899  , -0.001621443511 , 0.01290060396   , 0.009272642664  , 0.5673468081    , -0.08392675061  , -0.04364583291  , 7.438161405e-05 , 0.006232645655  , -0.001377139124 , 0.004151854338  , 0.0001760306143 , 0.007155375253  , -0.006231678438 , -0.0004875085449, 0.0025386881    , -0.001020882541 , -0.004545332707 , -0.001343558844 , 0.004065575072  , 0.01050681508   , 0.01765085154   , 0.004818376293  , -0.1045970988   , -0.0740325758   , -0.01960867254  , -0.0978000112   , -0.06401744457  , -0.0169139946   , 0.001633658383  , 0.007930630766  , 0.00626779003   , -0.003458240577 , 0.001070046944  , -0.002930493635 , 0.002350983538  , -0.006476493908 , 0.0006218011298 , -0.005680328464 , -0.004108643107 , 0.003836799281  , -0.001540051185 , -0.006445922907 , 0.0007530447873 , -0.002785843161 , -0.0006730543993, -0.00115820475  , 0.004023977957  , 0.007527908094  , 0.001958619993  , -0.001342023178 , 0.001505131532  , -7.115739852e-05, -0.002574302293 , 0.001696310483  , 0.0003708743492 , 0.006105919215  , 0.001103162066  , 0.001513730402  , -0.005007574321 , -0.001219404411 , 0.0009490420269 , -0.0008645382454, 0.0003942793182 , 0.0007663634517 , 0.001571985449  , 0.0004119916886 , -0.005343992824 , 0.007156088042  , -0.0001197694828, -0.0003203355307, 0.005943423482  , -0.007152789251 , 0.0004433399298 , -0.00170379982  , -0.0009447675834, -0.0016860903   , 0.007019079255  , -0.007057970845 , 0.0003642522754 , -0.0008558671549, -0.001213980911 , 0.0002534951747 , -0.002246177582 , 0.001632154501  , 0.006207692402  
0.01004975558   , 0.002711768943  , 0.006990408498  , -0.0007640714462, 0.004337327002  , -0.00695109097  , -0.003132759882 , 0.009014546888  , -0.001568958517 , 0.008445616746  , 0.01420466702   , 0.004449546373  , -0.04303615234  , -0.1060187557   , -0.08392675061  , 0.7648466491    , -0.004028778398 , 0.01342031071   , -0.04652719488  , -0.09379405482  , -0.08143444978  , 0.007172302745  , 0.0005949492552 , 0.004648770564  , 0.005256077171  , -0.002613694535 , 0.007567895861  , -0.002812525776 , -0.002272453964 , 0.008588325642  , -0.0013483568   , -0.003196407523 , 0.002700614771  , 0.006953933443  , 0.006016067303  , 0.001740734051  , -0.01433862902  , -0.1260965005   , -0.009123069532 , -0.0198183547   , -0.1301284809   , -0.009194272679 , 0.02027488375   , 0.006218965737  , 0.008622324217  , -0.004384604737 , -0.01544564411  , -0.00112089687  , 0.0001947868824 , -0.002154846018 , -0.004512664159 , -0.001063281212 , 0.009950760895  , 0.001632796197  , -0.004412305848 , 0.004260129768  , -0.00366963649  , -0.004364444645 , -0.00166544783  , -0.0005186668951, 0.008612515537  , 0.002817521108  , 0.001710428563  , -0.006357089669 , -0.0001503551441, -0.003723928767 , -0.007608217665 , -0.002135597143 , 0.002173954255  , -0.01115459862  , 0.005977904577  , 0.001640749746  , -0.006069291177 , -0.001180290754 , 0.006640297866  , -0.00240577709  , 0.004344834784  , -0.01009069833  , -0.002350167197 , 0.00592985853   , 0.005760135543  , -0.004834519439 , 0.001250741389  , 0.003100154419  , 0.004498452555  , 0.002347058299  , 0.01003269269   , 0.002537750303  , 0.005103586362  , 0.0005722464325 , 0.0004032456184 , -0.0003451664624, 0.002892467733  , 0.005550342695  , -0.00305981483  , 0.004905116977  
-0.002012515992 , -0.01077894094  , 0.00964469354   , -0.0004401823386, 0.004115940637  , 0.004643334753  , -0.00362507594  , -0.01495331737  , 0.001537518499  , 0.004916831157  , -0.03434893883  , 0.002403133324  , -0.09297815152  , 0.0002616053893 , -0.04364583291  , -0.004028778398 , 0.5783175786    , 0.009036190169  , -0.08911713111  , 0.009272870762  , -0.04045240429  , 0.001667731401  , -0.0105499285   , -0.0004674747817, 0.002698023645  , 0.005030580967  , 0.00417304589   , 0.002408686877  , -0.0002401822305, -0.004236055167 , -0.007711239559 , -0.00565436651  , -0.007509867631 , 0.01315474424   , 0.00549558589   , -0.0004741022763, -0.01026512938  , 0.004903085489  , -0.009643042823 , -0.0128808076   , -0.001166905832 , -0.016747945    , 0.009237293265  , 0.007807784497  , -0.0001929379377, -0.007611941297 , -0.01662688642  , -0.004035728396 , 0.008401771809  , 0.001027879471  , 0.000237439035  , 0.004518781359  , 0.006237398978  , 0.0008772326841 , -0.002194264344 , 0.0001537882921 , -0.003577791302 , 0.001453122686  , -0.0002451700474, 0.002046160498  , -0.00216714115  , 0.004135978987  , -0.0001146746308, 0.007995656252  , 0.003684470828  , 0.007177929629  , -0.008023458113 , -0.004722355726 , 0.005302606706  , -0.002219844602 , -0.003424749815 , 0.0006455751067 , -0.002946670337 , -0.003068226069 , -0.001303878915 , -0.001561244017 , 0.007219081608  , 0.007035831739  , 0.005274764676  , 0.002835619167  , 0.007457187231  , -0.00427624136  , -0.002029171524 , -0.008399308148 , 0.003412868214  , -0.001894698598 , 0.002932839326  , 0.007578885156  , -0.005297996174 , 0.004174239084  , 7.713596831e-05 , 0.003841351923  , -0.01030305041  , 0.0001165723181 , -0.006828823169 , -0.00246120129  
0.002233887313  , -0.00198343697  , 0.001957702726  , -0.002553159604 , 0.001514207069  , 0.001498724441  , -0.007801959194 , -7.169074786e-05, -0.002870005733 , -0.002216382162 , 0.003528161457  , -0.001552899934 , -0.08219695066  , -0.05208800072  , 7.438161405e-05 , 0.01342031071   , 0.009036190169  , 0.5641122298    , -0.07067194333  , -0.04728034327  , -0.0009658044255, 0.008920658983  , 0.001819845908  , 0.002904584373  , 0.005951663676  , -0.004002789984 , 0.006349727927  , 0.001728880498  , -0.0007503074705, 0.0007197181096 , 0.0003272304053 , 0.005848765581  , -0.001795927169 , 0.004531565279  , 0.007687951922  , 0.00109317797   , -0.1087863659   , -0.07049180964  , -0.01596230473  , -0.1063521344   , -0.07321077681  , -0.01522490444  , 0.008862220856  , 0.002096043677  , 0.00432939929   , -0.0001623385818, -0.004263072949 , 0.004767163445  , 0.004618696634  , -0.001232533941 , 0.0005902385471 , 0.002169734477  , -0.002481104783 , -0.00208331792  , -0.001960839301 , 0.006417698407  , 0.00388179109   , -0.003392632606 , -0.002085126887 , -0.008438384474 , 0.01056017431   , 0.01520396944   , -0.001763719261 , 0.003522249437  , 0.0001667634987 , 0.001220124502  , -0.009549374599 , -0.003369737973 , -0.002266679854 , -0.007684731151 , -0.002303476197 , 0.001673239404  , -0.003568538499 , -8.888496684e-05, 0.007439701369  , -0.0002984776794, 0.001867546004  , -0.003241959187 , 0.002647661615  , 0.003883490368  , -0.002561492517 , 0.001849577167  , 0.001977774523  , -0.00313198332  , 0.0007359591374 , -0.004960980791 , 0.001781472193  , -0.004048966138 , 0.00226884994   , 0.003112026672  , -0.0005060508103, 0.003670842877  , -0.002526089445 , -0.001102650962 , -0.006618103023 , 0.003489896347  
0.001490387999  , -0.00234201032  , -0.01172431149  , 0.0126067784    , 0.009638634887  , 0.0001318063559 , -0.008868602526 , -0.0004113667037, 0.003663442269  , -0.01060742378  , 0.006166510995  , 0.009155184046  , -0.004202901355 , -0.0004673997223, 0.006232645655  , -0.04652719488  , -0.08911713111  , -0.07067194333  , 0.7547821882    , 0.01340931282   , 0.02137409497   , -0.04769517529  , -0.09469231268  , -0.09846741923  , -0.01034864358  , 0.008933540716  , -0.002147684653 , -0.0007713327453, 0.001437875097  , -0.004239424465 , -0.001459034642 , 0.01081974655   , -0.01287621628  , 0.001601167049  , 0.003847693491  , 0.007040589718  , 0.01855762882   , -0.003364437579 , 0.009482974501  , -0.02637012886  , -0.1239400447   , 0.0003600833206 , -0.0115769033   , -0.1224901322   , 0.01045423522   , 0.002399274994  , 0.02679408893   , -0.002526341491 , -0.01399500535  , 0.01428051095   , 0.01253487089   , -0.01093491834  , 0.006644244491  , 0.01133591301   , -0.009668652088 , 0.002149552022  , -0.006486837496 , -0.005338454163 , -0.003712255498 , -0.005560913544 , 0.01008631008   , -0.009228321552 , 0.002739699003  , -0.01257127261  , -0.0141919882   , 0.003036963132  , 0.02155814754   , 0.004217650101  , 0.0006257982803 , -0.01152260107  , -0.005244429754 , -0.01365001548  , -0.008734677221 , -0.005518452541 , -0.006898447793 , 0.005842364052  , -0.008498664585 , 0.001113722294  , -0.006679090266 , 0.004643669987  , 0.006649331569  , 0.01513249712   , -0.008192097588 , -0.0122188761   , 0.001572197915  , -0.005939274227 , -0.01413545636  , 0.0070695526    , -0.008381167365 , -0.00325180821  , 0.002746903596  , 0.002303181294  , -0.0006342854656, 0.001803590264  , 0.01218843056   , 0.004821038661  
0.008367615178  , -0.005982746193 , 0.005347860115  , -0.00648051168  , -0.01069655165  , 0.003857793786  , 0.004107379047  , -0.0008329759664, 0.004163827176  , 0.004149653349  , -0.004798339127 , -0.002560076883 , -0.006570105123 , -0.01202904563  , -0.001377139124 , -0.09379405482  , 0.009272870762  , -0.04728034327  , 0.01340931282   , 0.5772060311    , 0.007271149088  , -0.1083932308   , 0.002916993587  , -0.04425595406  , 0.002163205521  , -0.001509327575 , 0.0004566009629 , -0.005006441206 , -0.007270429134 , -0.002657310186 , -0.001171463869 , -0.004498740099 , 0.0002569542083 , 0.01549454982   , 0.003954845036  , -0.0008691770993, 0.001217573614  , 0.01006617045   , 0.0003991143725 , -0.01500639798  , 0.006316655513  , -0.006625182046 , -0.01305256587  , 0.001551302815  , -0.01118997773  , 0.003935342379  , 0.007696015713  , -0.003696272982 , 0.00162565171   , -0.001380615523 , 0.001571588066  , -0.003097174407 , -0.002338188314 , 0.0003481617179 , -0.005573702594 , -0.005501421909 , 0.0007312303814 , 0.008230783359  , -5.356703786e-05, 0.005062764704  , -0.003198764509 , -0.004411047394 , 0.0004771437406 , -0.001826359154 , 0.002071455096  , 0.001088304358  , -0.001460381428 , 0.004020190892  , 0.006644314589  , -0.0006452032764, -0.001865423266 , 0.003632124157  , 0.007571072817  , 0.0008875914239 , -0.0004266749922, 0.004600773869  , 0.006628810058  , 0.005009593058  , -0.006338048239 , -0.005172121433 , 0.004014714207  , -0.004579749348 , -0.001097071888 , 0.0004562803403 , -0.001017585313 , 0.001174870328  , 0.008561682883  , -0.003795874731 , 0.003689882035  , 0.006593174919  , -0.01390316927  , -0.007374321868 , 0.00265880434   , 0.003903100334  , 6.730936195e-05 , 0.004274243172  
-0.001230378184 , 0.005015224328  , 0.004904986816  , -0.004709747499 , 0.0007788042579 , 0.002115152441  , 0.005186602279  , -0.001764495655 , 0.003124146491  , -0.004899812545 , -0.006662001444 , -0.003816981426 , 0.007680887723  , -0.0008705713622, 0.004151854338  , -0.08143444978  , -0.04045240429  , -0.0009658044255, 0.02137409497   , 0.007271149088  , 0.5662073572    , -0.08651662105  , -0.05617692009  , -0.002162523291 , -0.007132327379 , 0.001939726722  , -0.001964828643 , -0.003855904196 , 0.000113785659  , -0.005798886238 , 0.008594199243  , 0.005591836555  , -0.0001310366308, -0.004739667366 , 0.004433000936  , 0.004106367607  , 0.006213775219  , 0.0107369439    , 0.0123626298    , -0.1104080939   , -0.06912244794  , -0.01415985248  , -0.1034826825   , -0.07337843758  , -0.01696152149  , 0.01011904864   , 0.007029094274  , 0.006449551168  , 0.001714761572  , 0.002552467861  , 0.002328297447  , 0.001645894199  , 0.002506009112  , -0.005864647878 , -0.001964101636 , 0.001568799644  , 0.000453824419  , -0.008278397068 , -0.001430713518 , -0.007095612887 , -0.0009953531688, -0.004307702293 , 0.00265179884   , 0.002872350986  , 0.009354570013  , 0.006056365592  , 0.001135836856  , -0.0009113976902, -0.002159649937 , 0.0008947037109 , -0.004175529042 , 0.0001878234235 , 0.00303948279   , 0.0004190911373 , -0.003613926618 , 0.005203089477  , 0.001604182161  , -0.001652341502 , 0.004887840003  , -0.001874459384 , -0.002860792657 , 0.005286395402  , 0.002417524494  , -0.004525912271 , 0.001010716879  , 0.0001713727567 , -0.006012497871 , -0.001949145931 , -0.0005778742308, -0.0003775161201, -0.003398749953 , 0.003349211317  , 0.003159449964  , -0.005678439297 , -0.001005960614 , -0.001262968105 
-0.04150681648  , -0.1008052595   , -0.07978999522  , -0.0002190404578, -0.002819757533 , 0.005588927591  , 0.001169482575  , 0.001632388315  , 0.004836730021  , -0.004077843228 , -0.001360040096 , -0.002903723808 , 0.004462616615  , 0.002899823442  , 0.0001760306143 , 0.007172302745  , 0.001667731401  , 0.008920658983  , -0.04769517529  , -0.1083932308   , -0.08651662105  , 0.7635615252    , 0.001794253646  , 0.01473421266   , 0.01222634702   , 0.007200883481  , 0.00728688552   , -0.008090118683 , -0.008143039898 , 0.001671753614  , 4.703582354e-06 , 0.002440857852  , 0.01166703615   , -0.00435042207  , -0.001736073628 , 0.0005877815857 , -0.006163850874 , -0.002155507531 , 0.003245895762  , 0.01212515299   , 0.007877163975  , 0.001891322658  , -0.01979432681  , -0.1169915329   , -0.006733502108 , -0.01671054293  , -0.127361704    , 2.423027489e-05 , 0.00278023724   , -0.006753232845 , -0.001651087617 , -0.003072976053 , -0.0001721057047, -0.005519493508 , 0.001123061926  , -0.004067355741 , -0.004210291973 , -0.0046870671   , -0.002023843523 , -0.007735107196 , 0.007237230857  , 0.002966132951  , 0.005478894388  , -0.007420173612 , 0.003795316542  , -0.003938200875 , -0.001475373232 , 0.001651339466  , 0.001296733495  , 0.00223090048   , -0.001924283682 , 0.003110344854  , 0.006272627258  , 0.002416384705  , 0.0006679804136 , 0.002192964923  , -0.000846777541 , -0.01227342231  , 0.02256244298   , 0.005250564129  , 0.003247720449  , -0.007631920267 , 0.00444018037   , -0.003022384006 , -0.00108456716  , 0.001958647947  , 0.0001212659284 , 0.006936386337  , 0.005239380591  , 0.001911441649  , -0.003316635694 , -0.0007124008897, -0.007525251228 , 0.00670702792   , -0.003653239574 , 0.005455515884  
-0.1054450596   , 0.01443415315   , -0.05120402365  , 0.005392203892  , -0.02094702291  , -0.001670027149 , 0.003133332186  , -0.00827185208  , -0.0008978994674, -0.005252836865 , 0.0004140776942 , 0.002875896673  , 0.002602048352  , -0.001293255142 , 0.007155375253  , 0.0005949492552 , -0.0105499285   , 0.001819845908  , -0.09469231268  , 0.002916993587  , -0.05617692009  , 0.001794253646  , 0.5806256048    , 0.002109126058  , 0.01055034022   , 0.004939942984  , 0.004713933935  , -0.002231364805 , -0.00478190277  , -0.004939965912 , 0.005444578899  , 0.001610466513  , -0.00383712617  , -0.006197892062 , -0.001046764524 , -0.001547037766 , -0.01096966538  , -0.0002656433129, -0.001153024801 , 0.006329102534  , 0.01188872922   , 0.004520611379  , -0.005462167812 , 0.01010647186   , -0.01310810203  , -0.008803157572 , 0.005561188759  , -0.01057158369  , -0.007336567845 , -0.0008868662097, 0.00522763545   , -0.007747597937 , 0.001193112429  , -0.001773061962 , 0.006396273417  , 0.0001725938251 , -0.0007462417598, 0.004997391115  , 0.001282447398  , -0.002116702262 , -0.005127782978 , 0.003946487876  , -0.0008571942916, -0.003242096624 , -0.006288329266 , 0.001003734657  , -0.004762643605 , 0.004246674501  , -0.002443841169 , 9.198119323e-05 , 0.0003897705696 , -0.0003696053227, 0.004629943977  , 0.005024401055  , 0.007233590725  , 0.0127306587    , 0.002032426387  , 0.006954531557  , -0.004299879227 , -0.006205311622 , -0.001073164315 , 0.008320526464  , 0.001979346321  , 0.0045909525    , 0.002444677537  , 0.006857727626  , -0.002099519608 , -0.009408006688 , -0.0003902051693, -0.003229275369 , 0.009817781907  , 0.002226871521  , 0.004747980309  , -0.002194324048 , -0.001621939055 , -0.003637567517 
