d<Sz_i Sz_j >                                     
0.0004510428873, 0.00140507056  , 0.001364588051 , 0.001348489676 , 0.001340149998 , 0.001370573183 , 0.001342024519 , 0.001347752027 , 0.001364498154 , 0.001347859505 , 0.001362141736 , 0.001409831328 , 0.001351208562 , 0.001329667787 , 0.001338394871 , 0.001344637266 , 0.001336475338 , 0.00133871083  , 0.001327940855 , 0.00133497447  , 0.001327950444 , 0.001338535134 , 0.001350675845 , 0.001336986144 , 0.001353244806 , 0.00132528225  , 0.001332508292 , 0.001332420721 , 0.001347041315 , 0.00135060154  , 0.001327875233 , 0.001342684351 , 0.001336945405 , 0.001328773794 , 0.001338982699 , 0.00133483672  , 0.0013432697   , 0.001327101864 , 0.001344205441 , 0.001344734647 , 0.001333998194 , 0.001332490951 , 0.001358998049 , 0.001342347369 , 0.001334610862 , 0.001340513604 , 0.001341752338 , 0.001322474555 , 0.001363814773 , 0.001358966732 , 0.001346753846 , 0.001367774906 , 0.001347305458 , 0.001367014155 , 0.00136965935  , 0.001362494095 , 0.001367210896 , 0.001366697398 , 0.00136028913  , 0.001371255502 , 0.00187362154  , 0.001863391633 , 0.001879817529 , 0.001893861284 , 0.001883333971 , 0.001867042516 , 0.001868208987 , 0.001862405919 , 0.00186835913  , 0.001884783501 , 0.001862809426 , 0.001900150494 , 0.002271927332 , 0.00188091613  , 0.001864398086 , 0.001876231805 , 0.001887948742 , 0.001879778623 , 0.001855475936 , 0.00185248911  , 0.001896095547 , 0.001882082431 , 0.001880665761 , 0.002239142021 , 0.00139117314  , 0.001363321689 , 0.00135639833  , 0.001369676901 , 0.001391728486 , 0.001356171339 , 0.001365680876 , 0.00138535798  , 0.001365573058 , 0.001372609136 , 0.00140660429  , 0.001640768683 , 0.001354960482 , 0.001338534541 , 0.001333789716 , 0.001333956396 , 0.001362571505 , 0.00134431298  , 0.001332549656 , 0.001335548433 , 0.001347851499 , 0.001339924823 , 0.001359320134 , 0.00135146441  , 0.001338587587 , 0.001325507753 , 0.001339737033 , 0.001352208991 , 0.001334793794 , 0.001340015476 , 0.001347582463 , 0.00135073336  , 0.001334883954 , 0.001338409283 , 0.001330867121 , 0.001334918809 , 0.001343269976 , 0.001344828427 , 0.001327068343 , 0.001333419421 , 0.001327597687 , 0.001352823487 , 0.001338394202 , 0.001327942047 , 0.001345448314 , 0.001316095741 , 0.001337932307 , 0.001332870528 , 0.001347827758 , 0.00136583538  , 0.001351305094 , 0.001368613981 , 0.001351104933 , 0.001373538601 , 0.001340878955 , 0.001349952152 , 0.0013534957   , 0.001361997797 , 0.001352400693 , 0.001359358641 
0.00140507056  , 0.000453314008 , 0.001402610765 , 0.001368854421 , 0.001350177597 , 0.001360492025 , 0.001376183963 , 0.001354211604 , 0.001370649568 , 0.001368324134 , 0.001359310944 , 0.001361251006 , 0.001360004764 , 0.001355475098 , 0.001327336977 , 0.001361633588 , 0.001354736423 , 0.001358093977 , 0.001348315125 , 0.001353369241 , 0.001341579282 , 0.001339280782 , 0.001359712086 , 0.001354731469 , 0.001366976687 , 0.00135917678  , 0.001338537336 , 0.001331293392 , 0.001353958311 , 0.001331179537 , 0.001345910262 , 0.001342156475 , 0.00134065971  , 0.001320814709 , 0.001342201029 , 0.001340865852 , 0.001343385342 , 0.001346621013 , 0.001337719655 , 0.001325157268 , 0.001339025613 , 0.001352390927 , 0.001356485721 , 0.001357021846 , 0.001331035505 , 0.001335460125 , 0.001340638729 , 0.001337351989 , 0.001377756325 , 0.001356357503 , 0.001373151907 , 0.001384624619 , 0.001353378062 , 0.001370099916 , 0.001375579064 , 0.001364032413 , 0.001382521222 , 0.001386433905 , 0.001382219475 , 0.001387042005 , 0.001867634171 , 0.001870618553 , 0.001867073413 , 0.001888269721 , 0.001884823465 , 0.001872227278 , 0.001902027995 , 0.001885430363 , 0.001878270503 , 0.001901960755 , 0.001889490702 , 0.001900027254 , 0.002288976525 , 0.002246803019 , 0.001879654952 , 0.001872524084 , 0.001898373409 , 0.001898033218 , 0.00187844544  , 0.001891168583 , 0.001906268668 , 0.001904206742 , 0.001877870874 , 0.001883686936 , 0.00166285558  , 0.001418931326 , 0.001381211101 , 0.001376546658 , 0.001384342491 , 0.001365965007 , 0.001368554216 , 0.001392736971 , 0.001368048757 , 0.001382227468 , 0.001388413973 , 0.001410185146 , 0.001362565331 , 0.001350193136 , 0.001356388413 , 0.001351871257 , 0.0013516262   , 0.001347110522 , 0.001352831342 , 0.001364826236 , 0.001348235381 , 0.001344976799 , 0.001376849708 , 0.001368300191 , 0.001352360639 , 0.001349936091 , 0.001333258862 , 0.001344913993 , 0.001336429356 , 0.001351034563 , 0.001350642724 , 0.001353256096 , 0.001343594825 , 0.001334152585 , 0.001347847339 , 0.001346781429 , 0.001339682211 , 0.001342976962 , 0.001339287489 , 0.001330756589 , 0.001333252399 , 0.001368464595 , 0.001343389437 , 0.001336239743 , 0.001351934077 , 0.001355600779 , 0.001329361809 , 0.001357783458 , 0.001340392014 , 0.001364992253 , 0.001355755513 , 0.001359985952 , 0.00135840565  , 0.001368406902 , 0.001364025408 , 0.001367899749 , 0.00136957704  , 0.001371518109 , 0.001374599699 , 0.00136451925  
0.001364588051 , 0.001402610765 , 0.0004597118463, 0.001402018477 , 0.001356673675 , 0.001368750014 , 0.00135255456  , 0.001357489171 , 0.001375376227 , 0.001357214881 , 0.001358904551 , 0.001368980479 , 0.001355320321 , 0.001345158705 , 0.001342667385 , 0.001352094204 , 0.001340045045 , 0.001360073699 , 0.001349271244 , 0.001340573853 , 0.001348048485 , 0.001335393094 , 0.001371496238 , 0.001343651213 , 0.001349760561 , 0.001353894681 , 0.001326426817 , 0.001333922128 , 0.001341516958 , 0.001344718023 , 0.001319049409 , 0.001345084642 , 0.001353026758 , 0.001329567959 , 0.001335028333 , 0.001325992173 , 0.001328666464 , 0.001346241167 , 0.00134560398  , 0.001342322967 , 0.001323734557 , 0.00134616771  , 0.001352611216 , 0.001361643259 , 0.001340317129 , 0.001348094732 , 0.00133820007  , 0.001335957386 , 0.001355024544 , 0.001366462766 , 0.001365398538 , 0.001384351576 , 0.001366320792 , 0.001354025681 , 0.001362251034 , 0.001375397446 , 0.001357955359 , 0.001364235089 , 0.001373744981 , 0.00135655021  , 0.001877458826 , 0.001876911698 , 0.00185016544  , 0.001871932252 , 0.001868569849 , 0.001872172107 , 0.001877469572 , 0.001868325642 , 0.001878173717 , 0.001873165128 , 0.001866593001 , 0.001888713928 , 0.001905057793 , 0.002275983988 , 0.002283959801 , 0.001865568515 , 0.001893531213 , 0.001877747572 , 0.001875702553 , 0.001877321216 , 0.001899061913 , 0.001886623589 , 0.001892544648 , 0.001845406166 , 0.001393220983 , 0.001650355347 , 0.001397026656 , 0.001379175055 , 0.001393957749 , 0.001369711946 , 0.001381083143 , 0.001363581606 , 0.00136438323  , 0.001383978431 , 0.001379136613 , 0.001367606428 , 0.001342560705 , 0.001343313311 , 0.001336616844 , 0.001351380024 , 0.001347341485 , 0.001333779619 , 0.001329965255 , 0.001372705559 , 0.001326574517 , 0.001367585729 , 0.001368537464 , 0.00135462577  , 0.001356054437 , 0.001350757955 , 0.0013493009   , 0.001348918293 , 0.001333486669 , 0.001347065005 , 0.001354147969 , 0.001337594673 , 0.001347476831 , 0.001346986723 , 0.001342212214 , 0.001335647112 , 0.001330572904 , 0.00135278466  , 0.001335393433 , 0.001340491913 , 0.001338437695 , 0.001341512288 , 0.00132956388  , 0.001337803261 , 0.001341590052 , 0.001335553744 , 0.001341351559 , 0.001332845038 , 0.001358405123 , 0.001351569765 , 0.001365561283 , 0.001365481035 , 0.001350530256 , 0.001367426882 , 0.001366295357 , 0.001352871965 , 0.001362053667 , 0.001355950897 , 0.001365026788 , 0.001359867395 
0.001348489676 , 0.001368854421 , 0.001402018477 , 0.0004490596692, 0.001390507001 , 0.001367829506 , 0.001337069607 , 0.001355644908 , 0.0013501024   , 0.001346902851 , 0.001357886553 , 0.001346195114 , 0.001337943823 , 0.001331608541 , 0.001333429062 , 0.001373476569 , 0.00133968074  , 0.001330953123 , 0.001321273546 , 0.001342746411 , 0.001325927011 , 0.001333843525 , 0.001346207064 , 0.001320736438 , 0.001335827535 , 0.001352255344 , 0.001314066999 , 0.001338422395 , 0.001345740381 , 0.001334002646 , 0.001341743252 , 0.001339600762 , 0.001338711884 , 0.001333517182 , 0.001330269136 , 0.001322510497 , 0.001342487801 , 0.001333394039 , 0.001328069142 , 0.00133379192  , 0.001334842292 , 0.001344036232 , 0.001340638975 , 0.001338364438 , 0.001325902972 , 0.001321009363 , 0.001346625074 , 0.001315912653 , 0.001355024991 , 0.001349135345 , 0.001352117856 , 0.001368353294 , 0.001351751305 , 0.00137144074  , 0.001359177279 , 0.001370396159 , 0.001348941965 , 0.001360071145 , 0.001355616914 , 0.001346451467 , 0.001852802428 , 0.00186748135  , 0.001843964319 , 0.001877224273 , 0.001856627897 , 0.001861287179 , 0.001858561234 , 0.001846233331 , 0.001873197639 , 0.00184809596  , 0.001861853412 , 0.001868961144 , 0.001896280406 , 0.001863742877 , 0.002245819628 , 0.002230002128 , 0.001897442202 , 0.001860674457 , 0.001868288778 , 0.001861360325 , 0.001855194306 , 0.00188138383  , 0.001853658133 , 0.001844633441 , 0.001359631214 , 0.00140369331  , 0.001656147453 , 0.001414620737 , 0.00136135441  , 0.001358390299 , 0.001349279789 , 0.001355008906 , 0.00135231062  , 0.001383956242 , 0.001352118099 , 0.001348197258 , 0.001337526199 , 0.001349900578 , 0.001341583317 , 0.001336323247 , 0.001349580334 , 0.001331788601 , 0.001356972556 , 0.001359405683 , 0.00134624175  , 0.001342234641 , 0.001343134365 , 0.001356163326 , 0.001345387828 , 0.00132969373  , 0.001342101106 , 0.001341262571 , 0.001323941778 , 0.001347502329 , 0.00133619721  , 0.001316399847 , 0.001344749089 , 0.001335038518 , 0.001336700769 , 0.001324663656 , 0.001320931049 , 0.001329036341 , 0.0013279214   , 0.001332355571 , 0.001343377102 , 0.001340607806 , 0.001324305001 , 0.001347092357 , 0.001346518043 , 0.001342106847 , 0.001322025987 , 0.001321006711 , 0.001348058252 , 0.001353098064 , 0.001354629224 , 0.001356504485 , 0.001350584254 , 0.001350272726 , 0.001362764289 , 0.001336838171 , 0.001366846701 , 0.001359465684 , 0.001347426936 , 0.001359189323 
0.001340149998 , 0.001350177597 , 0.001356673675 , 0.001390507001 , 0.0004556627842, 0.001400667088 , 0.001367622214 , 0.00135485979  , 0.001364699883 , 0.00136475397  , 0.001362691123 , 0.001347555514 , 0.00132828946  , 0.001328758217 , 0.001331401144 , 0.001362662727 , 0.001363745303 , 0.00133185083  , 0.001339356662 , 0.001360054451 , 0.001340785327 , 0.001329447402 , 0.001332136352 , 0.001328888076 , 0.001373981048 , 0.001342796304 , 0.001332892861 , 0.001330122608 , 0.001337221234 , 0.001349537475 , 0.001344304852 , 0.001348867774 , 0.001350616571 , 0.001317292574 , 0.001319760237 , 0.001330282607 , 0.001322106701 , 0.001336358534 , 0.001337766205 , 0.001335508294 , 0.001352765701 , 0.001340839014 , 0.001357405779 , 0.001329393268 , 0.001332730247 , 0.001319375103 , 0.001319122177 , 0.001334154045 , 0.001384635531 , 0.001368293804 , 0.001376824562 , 0.001381396049 , 0.001356772574 , 0.001368802266 , 0.001358479706 , 0.001361277214 , 0.001355018212 , 0.001370821361 , 0.001367841491 , 0.001364327889 , 0.001875833573 , 0.001860614302 , 0.001873854839 , 0.001854896903 , 0.00187722966  , 0.001872254903 , 0.001885838357 , 0.001876241008 , 0.001862645586 , 0.001899321337 , 0.001852334228 , 0.001880631374 , 0.001873758196 , 0.001857868652 , 0.001849551913 , 0.002260561977 , 0.002266956491 , 0.001890607124 , 0.001867647301 , 0.001871727973 , 0.001890376565 , 0.00190482215  , 0.001859616596 , 0.001847733116 , 0.001365380245 , 0.00136744603  , 0.001412311306 , 0.001671689609 , 0.001402325927 , 0.001368191843 , 0.001360488377 , 0.001381464844 , 0.001367323168 , 0.001375195609 , 0.001364095627 , 0.001364615034 , 0.001335444827 , 0.001331500489 , 0.001325511943 , 0.001349212425 , 0.001349017505 , 0.00134971336  , 0.001351512467 , 0.001358528593 , 0.001346939976 , 0.001317516767 , 0.001342497702 , 0.001349745765 , 0.001352926221 , 0.001333190632 , 0.00132947595  , 0.00135761638  , 0.001337441727 , 0.001342769115 , 0.001341876319 , 0.001323250102 , 0.001331982501 , 0.001321909995 , 0.001334776862 , 0.001345077581 , 0.001351524692 , 0.001344878568 , 0.001336878395 , 0.001348938898 , 0.001341829649 , 0.001352466537 , 0.001326478922 , 0.001331334696 , 0.001349862344 , 0.001346294853 , 0.001309238649 , 0.001340728647 , 0.001354762919 , 0.001366756346 , 0.001351971129 , 0.001367231572 , 0.001370158717 , 0.001351825724 , 0.001360638449 , 0.001352167441 , 0.001373130545 , 0.001358120812 , 0.001359121684 , 0.001363433475 
0.001370573183 , 0.001360492025 , 0.001368750014 , 0.001367829506 , 0.001400667088 , 0.0004551654551, 0.001398881847 , 0.001369410014 , 0.001365188945 , 0.001372933805 , 0.001393811792 , 0.001381326901 , 0.001349404751 , 0.001352381469 , 0.00135545415  , 0.001345971488 , 0.001363308892 , 0.001370168542 , 0.00135163479  , 0.001348395126 , 0.001345361926 , 0.001329417511 , 0.001341349448 , 0.00133566549  , 0.001341443181 , 0.001354316893 , 0.001334699532 , 0.001330473865 , 0.001361174528 , 0.001343577216 , 0.001345490073 , 0.001337678905 , 0.001352054331 , 0.001336837407 , 0.001346289832 , 0.001349193076 , 0.001336755682 , 0.001338704807 , 0.001347093998 , 0.00133803029  , 0.001349065304 , 0.001348781255 , 0.001362363153 , 0.001352860081 , 0.001333570777 , 0.001336301493 , 0.001343684221 , 0.001336825004 , 0.001389089964 , 0.001374968967 , 0.001379690455 , 0.001402256482 , 0.001376632946 , 0.001362772939 , 0.001381328448 , 0.001344468017 , 0.001363070828 , 0.001379989082 , 0.001362164971 , 0.001380763217 , 0.001887412289 , 0.001871175426 , 0.001885758531 , 0.001896337845 , 0.001883271656 , 0.001863632355 , 0.001909088457 , 0.00185070539  , 0.001874904846 , 0.001886873013 , 0.001877246979 , 0.001919046663 , 0.00188128776  , 0.001895669843 , 0.001868507324 , 0.001881654926 , 0.002272882214 , 0.00226985674  , 0.001889111184 , 0.001893284455 , 0.00188586382  , 0.001924762494 , 0.00189349942  , 0.001876115621 , 0.001382345647 , 0.00138639811  , 0.001394580465 , 0.001404095549 , 0.001655949227 , 0.00139101805  , 0.001384028336 , 0.001364277774 , 0.001373997474 , 0.001389339286 , 0.001386504648 , 0.001374677732 , 0.001349974979 , 0.001347561282 , 0.001339722269 , 0.001353350435 , 0.001372329774 , 0.001355200059 , 0.001339865806 , 0.001350205948 , 0.00137077228  , 0.001344253718 , 0.001369854123 , 0.001347707355 , 0.0013559662   , 0.001339167523 , 0.00134080498  , 0.001349197895 , 0.001342500674 , 0.001359197814 , 0.001358015217 , 0.001337491302 , 0.001328597404 , 0.001330710882 , 0.001351140107 , 0.001340535687 , 0.001354030383 , 0.001346151176 , 0.001348119249 , 0.00134585053  , 0.001331204677 , 0.001364130308 , 0.001345372197 , 0.001325972326 , 0.001352460398 , 0.001344571485 , 0.001339391208 , 0.001335124559 , 0.001344571121 , 0.001380764807 , 0.001378635946 , 0.001369479731 , 0.001351757424 , 0.001360592452 , 0.001359293889 , 0.001346373573 , 0.001372231181 , 0.001360038747 , 0.001366522106 , 0.001383440947 
0.001342024519 , 0.001376183963 , 0.00135255456  , 0.001337069607 , 0.001367622214 , 0.001398881847 , 0.0004565355261, 0.001396359782 , 0.001352089954 , 0.00136125293  , 0.001365650635 , 0.001371584847 , 0.001339917338 , 0.001338381601 , 0.001324339331 , 0.001326914283 , 0.001350982392 , 0.001347047181 , 0.001340157415 , 0.001358167719 , 0.001342499993 , 0.001353929641 , 0.00134391509  , 0.001314190749 , 0.001353770219 , 0.001344414122 , 0.001318522013 , 0.0013451067   , 0.001345162777 , 0.00135571863  , 0.001337435238 , 0.001335603877 , 0.001350886459 , 0.001327606407 , 0.001335490009 , 0.0013400294   , 0.001331049351 , 0.001342456155 , 0.001346035042 , 0.00132702109  , 0.001333378772 , 0.001345361261 , 0.00134541722  , 0.001333256597 , 0.001322290801 , 0.001352530407 , 0.001346549143 , 0.001327176494 , 0.001325459746 , 0.001366531455 , 0.001366885768 , 0.001360482441 , 0.001349409836 , 0.001360606201 , 0.001360643546 , 0.001366399617 , 0.00136167937  , 0.001379961695 , 0.001369074198 , 0.001373125477 , 0.001859902951 , 0.001872893759 , 0.001867561905 , 0.001877286159 , 0.0018852755   , 0.001873008263 , 0.001891666693 , 0.001873659121 , 0.001871879495 , 0.001884840293 , 0.001880333776 , 0.00188432162  , 0.001898587971 , 0.001891647944 , 0.001865084888 , 0.001869892211 , 0.00188026614  , 0.002265427118 , 0.002264904055 , 0.001871912651 , 0.001889429018 , 0.001899124827 , 0.001885181572 , 0.001850791366 , 0.001365413822 , 0.00136727741  , 0.001362880637 , 0.001376711663 , 0.001407641403 , 0.001648019189 , 0.001409651478 , 0.001384085715 , 0.001362255414 , 0.001382179502 , 0.001368638186 , 0.001349076435 , 0.0013536442   , 0.001346372746 , 0.00132267036  , 0.001356956331 , 0.001357706293 , 0.001342821868 , 0.001369143394 , 0.001349846884 , 0.001347952476 , 0.001332098641 , 0.00136564846  , 0.001349012063 , 0.001339978862 , 0.001330987979 , 0.001343260544 , 0.001350608309 , 0.001359146073 , 0.001341396328 , 0.001341640853 , 0.001336771774 , 0.00133151659  , 0.001334099225 , 0.00132388365  , 0.001327018174 , 0.001331346795 , 0.001345473188 , 0.001330484194 , 0.001334114815 , 0.001337460276 , 0.001339195573 , 0.001331368603 , 0.001337845193 , 0.001362477844 , 0.001354818824 , 0.001332424794 , 0.001321905145 , 0.001346446699 , 0.001367107257 , 0.001337660757 , 0.001352979881 , 0.001361201694 , 0.001364080118 , 0.001357063597 , 0.001364630147 , 0.001369274316 , 0.001357885857 , 0.001373544603 , 0.001350938053 
0.001347752027 , 0.001354211604 , 0.001357489171 , 0.001355644908 , 0.00135485979  , 0.001369410014 , 0.001396359782 , 0.0004573628826, 0.001411760872 , 0.001375718535 , 0.001357161085 , 0.001365661954 , 0.001334489269 , 0.001336983624 , 0.00133163147  , 0.001355177411 , 0.001337095984 , 0.001323561588 , 0.001343520096 , 0.001367557559 , 0.001358189938 , 0.00135488713  , 0.001348310134 , 0.001343348929 , 0.001353743927 , 0.00134908581  , 0.001331547135 , 0.001351054558 , 0.001359130892 , 0.001365446712 , 0.001345104485 , 0.001350241659 , 0.001349082779 , 0.001326109203 , 0.001322994409 , 0.001347949399 , 0.001349834015 , 0.001343064987 , 0.001329042008 , 0.001345070596 , 0.001352635475 , 0.001346565438 , 0.001358998117 , 0.001350212442 , 0.001319168852 , 0.001351622371 , 0.001349582582 , 0.001349937164 , 0.001359502196 , 0.00136659004  , 0.001352768053 , 0.001362108699 , 0.001362688026 , 0.001373332091 , 0.001373252326 , 0.001348543682 , 0.00137374883  , 0.00138945569  , 0.001377789506 , 0.001377573431 , 0.001880096352 , 0.001881892478 , 0.001883128515 , 0.001895097948 , 0.001884200894 , 0.001875751785 , 0.001884186292 , 0.001882605426 , 0.001866995328 , 0.001903346029 , 0.001872576281 , 0.001892626278 , 0.001899413372 , 0.00186103784  , 0.001865040918 , 0.001890343888 , 0.001873458731 , 0.00188328889  , 0.002247129561 , 0.002250685893 , 0.001910861485 , 0.001899039187 , 0.001887668432 , 0.001873221946 , 0.001381095714 , 0.001352531306 , 0.00137188829  , 0.001371653452 , 0.00137416835  , 0.001400717    , 0.001650144282 , 0.001411204425 , 0.001373705745 , 0.001376150653 , 0.001386315456 , 0.001353353388 , 0.001350056583 , 0.001345390502 , 0.001338848584 , 0.001348921965 , 0.001350164099 , 0.001352570148 , 0.001359351879 , 0.001362925612 , 0.001351607935 , 0.001344320766 , 0.001368610326 , 0.001353078477 , 0.001358095663 , 0.00135756889  , 0.001330792387 , 0.001350524141 , 0.001345840342 , 0.00135460652  , 0.001378350606 , 0.001323704286 , 0.001346749364 , 0.001341580692 , 0.001349353535 , 0.001363656009 , 0.001339799909 , 0.001328769202 , 0.001335629069 , 0.001337124942 , 0.001350425048 , 0.001349393214 , 0.001335381736 , 0.001341172615 , 0.001363945353 , 0.001363879197 , 0.001345805364 , 0.001347870723 , 0.001349505484 , 0.001361917493 , 0.001355662012 , 0.001367397214 , 0.001357707274 , 0.001363410666 , 0.001357604386 , 0.001362027005 , 0.001371997938 , 0.001348049852 , 0.001359653051 , 0.001369564112 
0.001364498154 , 0.001370649568 , 0.001375376227 , 0.0013501024   , 0.001364699883 , 0.001365188945 , 0.001352089954 , 0.001411760872 , 0.0004525920703, 0.001403214905 , 0.001374231547 , 0.001359466572 , 0.001359537033 , 0.001354780211 , 0.001349991366 , 0.001350129775 , 0.001344704614 , 0.001334052819 , 0.001352947087 , 0.001362474719 , 0.00137041228  , 0.001361848642 , 0.001355820216 , 0.001339485607 , 0.001341590361 , 0.001356539639 , 0.001335504001 , 0.001337763696 , 0.00132581407  , 0.00133905486  , 0.001341539737 , 0.001367255352 , 0.001369600635 , 0.001343613056 , 0.001342900707 , 0.001376151604 , 0.001356440149 , 0.001334266151 , 0.001367364711 , 0.00136483045  , 0.001339669713 , 0.001354683973 , 0.001352057293 , 0.001365203066 , 0.001347804803 , 0.001342574552 , 0.001357737953 , 0.001344942697 , 0.0013663167   , 0.001380884654 , 0.001371561146 , 0.001379680861 , 0.001382847708 , 0.001387201947 , 0.001372417826 , 0.001361619577 , 0.001368453329 , 0.001394510624 , 0.001389951223 , 0.001398231869 , 0.00189575648  , 0.001900150923 , 0.001900690272 , 0.001903691018 , 0.001900078525 , 0.001898493369 , 0.001925923419 , 0.001870926617 , 0.001885628014 , 0.001904913262 , 0.00188875558  , 0.001915955985 , 0.001916905636 , 0.001884382243 , 0.001888574259 , 0.001894393454 , 0.001879040631 , 0.001881396522 , 0.001909948887 , 0.00228104252  , 0.002331905265 , 0.001920055872 , 0.001876206455 , 0.001862682061 , 0.001385971334 , 0.001379044024 , 0.001396473284 , 0.001378030268 , 0.001379245507 , 0.00135587693  , 0.001417456145 , 0.001690216856 , 0.001416331891 , 0.001386596153 , 0.001368312199 , 0.001391636059 , 0.001360161412 , 0.001333376938 , 0.001345545851 , 0.001363451167 , 0.001346328911 , 0.001377292322 , 0.001351588093 , 0.001363462863 , 0.001372944089 , 0.001362087572 , 0.001356924182 , 0.001365475516 , 0.001352180117 , 0.001355939279 , 0.001356989647 , 0.001353093681 , 0.001337158316 , 0.001355040173 , 0.001369513322 , 0.001350176093 , 0.001353161407 , 0.001343594731 , 0.001360933369 , 0.001356832802 , 0.001335396223 , 0.001344047831 , 0.001347998064 , 0.001347681399 , 0.001344146112 , 0.001361132684 , 0.001349304226 , 0.00135629008  , 0.001369792743 , 0.001366657601 , 0.001345162882 , 0.001352256051 , 0.001368364874 , 0.001398830338 , 0.001373448814 , 0.001382830142 , 0.001375474736 , 0.001390522169 , 0.001362321605 , 0.001351830993 , 0.001383155082 , 0.001378022304 , 0.001384870312 , 0.001385720036 
0.001347859505 , 0.001368324134 , 0.001357214881 , 0.001346902851 , 0.00136475397  , 0.001372933805 , 0.00136125293  , 0.001375718535 , 0.001403214905 , 0.0004515610058, 0.001397877015 , 0.001353410487 , 0.001338862407 , 0.001317486526 , 0.001336714651 , 0.0013444939   , 0.001329250411 , 0.001337431647 , 0.001347287975 , 0.001348118893 , 0.00136959802  , 0.001353950744 , 0.001345777853 , 0.001334165139 , 0.001353413199 , 0.001340359971 , 0.001338976681 , 0.00134350539  , 0.001342130858 , 0.001324943575 , 0.001332253444 , 0.001346208964 , 0.001356699817 , 0.001322314129 , 0.001328500155 , 0.001338217164 , 0.001345918409 , 0.001330014466 , 0.001333814772 , 0.001338913561 , 0.001353336498 , 0.00135004509  , 0.001347874003 , 0.001344614764 , 0.001331974896 , 0.00134001684  , 0.001343314107 , 0.001336644697 , 0.001360845282 , 0.001357374142 , 0.001370047033 , 0.001364969305 , 0.001375426664 , 0.001363884942 , 0.001351818652 , 0.001351816646 , 0.001358091329 , 0.001367196156 , 0.001378705953 , 0.001367328653 , 0.001853852628 , 0.001882985454 , 0.001845043415 , 0.001882405655 , 0.00188540838  , 0.001880450385 , 0.001886098827 , 0.001865767237 , 0.001893789752 , 0.001879058278 , 0.001874374531 , 0.001878850183 , 0.001889817422 , 0.001876040558 , 0.001868656345 , 0.00186644991  , 0.00187559231  , 0.001879650999 , 0.001872929564 , 0.00188076018  , 0.002281667123 , 0.002259766898 , 0.001866708405 , 0.001852411841 , 0.001372662027 , 0.001353641619 , 0.001366432934 , 0.001365452452 , 0.001367169554 , 0.001361810363 , 0.001375207383 , 0.001412380088 , 0.001660023836 , 0.001400951419 , 0.001361750672 , 0.001343553404 , 0.001335726629 , 0.001349617601 , 0.001323842929 , 0.001352162737 , 0.001346017948 , 0.001354519977 , 0.001349592989 , 0.001363082386 , 0.001361535399 , 0.001345286951 , 0.00136596795  , 0.001329911252 , 0.001342493371 , 0.00134243339  , 0.001342137292 , 0.00136370292  , 0.001345695731 , 0.001349415615 , 0.001354844185 , 0.001353043988 , 0.001328662559 , 0.001323640373 , 0.00134317173  , 0.001345260955 , 0.001315256304 , 0.001326972571 , 0.001328912011 , 0.001345047806 , 0.001330727752 , 0.001344599372 , 0.001337596823 , 0.001353417304 , 0.00135765963  , 0.001341615257 , 0.001327078201 , 0.00134722407  , 0.001355302752 , 0.001349141699 , 0.001357383938 , 0.001374092196 , 0.001363987517 , 0.001360718727 , 0.001348577585 , 0.00135984743  , 0.001375154442 , 0.00134658203  , 0.001365109738 , 0.001343276523 
0.001362141736 , 0.001359310944 , 0.001358904551 , 0.001357886553 , 0.001362691123 , 0.001393811792 , 0.001365650635 , 0.001357161085 , 0.001374231547 , 0.001397877015 , 0.0004465783749, 0.001405719908 , 0.001365893014 , 0.00133950198  , 0.001343002794 , 0.001351561067 , 0.001356440465 , 0.001347888266 , 0.001347113304 , 0.001353272152 , 0.001339388497 , 0.001352709789 , 0.001361209718 , 0.001351229886 , 0.00135349857  , 0.001360261345 , 0.001342628251 , 0.00135438409  , 0.001339695512 , 0.001353455617 , 0.001341787615 , 0.001341520149 , 0.001349341805 , 0.001335748742 , 0.001346571825 , 0.001347550226 , 0.001340419527 , 0.001356826554 , 0.001342396017 , 0.001334552915 , 0.001349744389 , 0.001352608216 , 0.001349444281 , 0.001343414871 , 0.001347968653 , 0.00135230738  , 0.00134890513  , 0.001338809449 , 0.001369691728 , 0.001371607004 , 0.001377075645 , 0.001370328657 , 0.001369856083 , 0.001363617375 , 0.001374226003 , 0.001372045517 , 0.001366174114 , 0.001369583494 , 0.00138711637  , 0.001367385671 , 0.001891963157 , 0.001894568302 , 0.001875348721 , 0.001902226443 , 0.001894965166 , 0.001893787165 , 0.001904353287 , 0.001885205605 , 0.001877109305 , 0.001880256134 , 0.001890353613 , 0.001913168581 , 0.001891607656 , 0.0018988741   , 0.00187406221  , 0.001899519229 , 0.001903396872 , 0.001901565529 , 0.001882724913 , 0.001898502623 , 0.001899202811 , 0.002297390451 , 0.00226715783  , 0.001871614836 , 0.001384340793 , 0.001371875207 , 0.001379043612 , 0.001373805502 , 0.00139799264  , 0.001371836143 , 0.001384596286 , 0.00139757514  , 0.001402909744 , 0.001635383767 , 0.0014187298   , 0.001388634234 , 0.001364469721 , 0.001360424595 , 0.001356242447 , 0.001356406437 , 0.001360931517 , 0.001348159446 , 0.001342179622 , 0.001372127375 , 0.001361504118 , 0.001352898935 , 0.001363040736 , 0.001352046399 , 0.001363116646 , 0.001355014577 , 0.001337777051 , 0.001340974804 , 0.001348045896 , 0.001353070088 , 0.001334958749 , 0.001331581078 , 0.001342111726 , 0.001341029836 , 0.001344405498 , 0.001337486374 , 0.001337651907 , 0.001357799336 , 0.001347679729 , 0.001334733255 , 0.001353334176 , 0.001345188842 , 0.001349729095 , 0.001343474139 , 0.001356675609 , 0.001340743211 , 0.001342530596 , 0.001343905484 , 0.001363650933 , 0.001360746308 , 0.001378734325 , 0.001353222504 , 0.001365583006 , 0.001364374454 , 0.001382087687 , 0.001357484134 , 0.001382400265 , 0.001369406155 , 0.001371682749 , 0.001368963086 
0.001409831328 , 0.001361251006 , 0.001368980479 , 0.001346195114 , 0.001347555514 , 0.001381326901 , 0.001371584847 , 0.001365661954 , 0.001359466572 , 0.001353410487 , 0.001405719908 , 0.0004497077618, 0.001346107379 , 0.001353486598 , 0.001330828416 , 0.001355760777 , 0.00134994081  , 0.001357798164 , 0.00132073583  , 0.001355799442 , 0.001340993327 , 0.001351033422 , 0.001360040479 , 0.001343655678 , 0.001344899106 , 0.00135461366  , 0.001321705129 , 0.001338350949 , 0.001333652002 , 0.001346291987 , 0.001346565034 , 0.00135222899  , 0.001338273969 , 0.001340524527 , 0.001329519806 , 0.001358444811 , 0.001337663287 , 0.001338986486 , 0.001351197041 , 0.001344135088 , 0.001356047843 , 0.001342182444 , 0.001354109157 , 0.001354331164 , 0.001355919177 , 0.001355845732 , 0.001345012959 , 0.001327331133 , 0.001369115441 , 0.001365521575 , 0.001362732884 , 0.001365806562 , 0.001381141224 , 0.001371650027 , 0.001370279097 , 0.001362785416 , 0.001373471368 , 0.001382968851 , 0.001383173309 , 0.001364019531 , 0.001889223693 , 0.001880056851 , 0.001887652051 , 0.001906351369 , 0.0018942954   , 0.001881617191 , 0.001903333724 , 0.001886037611 , 0.001902999518 , 0.001910356172 , 0.001865174219 , 0.001899367734 , 0.001902376366 , 0.001887281251 , 0.001859945555 , 0.001887325373 , 0.00190888503  , 0.001913297336 , 0.001864995683 , 0.001911455713 , 0.001885437214 , 0.001907183113 , 0.002302398013 , 0.00227601567  , 0.001372157722 , 0.00137017739  , 0.001364634217 , 0.001376006487 , 0.001375540767 , 0.001347369384 , 0.001377822167 , 0.001384096635 , 0.001367575547 , 0.00140064927  , 0.001650868432 , 0.001401832274 , 0.001344409266 , 0.001357281406 , 0.001349630252 , 0.001349646988 , 0.00135476796  , 0.001334424041 , 0.001358352337 , 0.00135016361  , 0.001357770413 , 0.001363038383 , 0.001363872594 , 0.001355334572 , 0.001361220358 , 0.001340647299 , 0.001338088002 , 0.001342412997 , 0.001353701619 , 0.001351590936 , 0.001353866449 , 0.001356384958 , 0.001350341352 , 0.001336080721 , 0.001345032393 , 0.001327125245 , 0.00135448137  , 0.00134977412  , 0.001350150482 , 0.00134267541  , 0.001342783831 , 0.001357378183 , 0.001351946298 , 0.001334503178 , 0.001359634324 , 0.001350576145 , 0.001339214973 , 0.001349672809 , 0.001363648923 , 0.001349265185 , 0.001372339952 , 0.001383755967 , 0.00136226098  , 0.001373305013 , 0.001376970924 , 0.001355843207 , 0.001391914067 , 0.001359360144 , 0.001354219909 , 0.00136335587  
0.001351208562 , 0.001360004764 , 0.001355320321 , 0.001337943823 , 0.00132828946  , 0.001349404751 , 0.001339917338 , 0.001334489269 , 0.001359537033 , 0.001338862407 , 0.001365893014 , 0.001346107379 , 0.0004402975642, 0.001335346095 , 0.001314059102 , 0.001336407551 , 0.001332291091 , 0.00132699653  , 0.001305646862 , 0.001351997721 , 0.001322227281 , 0.001323153072 , 0.001340537333 , 0.001331756151 , 0.0013455858   , 0.001331534899 , 0.001313339715 , 0.00133266919  , 0.001327466877 , 0.001312796597 , 0.001346955334 , 0.001323727236 , 0.001330384012 , 0.001314191972 , 0.001334427202 , 0.001335951503 , 0.001326476243 , 0.001312142047 , 0.001327003071 , 0.001324947674 , 0.001327213181 , 0.001339813996 , 0.001325149612 , 0.001337771479 , 0.001313613869 , 0.001323168677 , 0.00132770771  , 0.001330012696 , 0.001366923842 , 0.001337420703 , 0.001350663872 , 0.001365895628 , 0.001363699687 , 0.001340058492 , 0.001372374888 , 0.001354618929 , 0.001346976292 , 0.001354576623 , 0.001345959    , 0.001368421865 , 0.001856170808 , 0.001860342188 , 0.001851068993 , 0.001860790265 , 0.001859956724 , 0.001860063485 , 0.001874196203 , 0.0018495013   , 0.001867730091 , 0.001875674498 , 0.00186744419  , 0.001888864687 , 0.001923400056 , 0.001858029917 , 0.001881972846 , 0.001852779864 , 0.001867818364 , 0.001890606053 , 0.001850314726 , 0.001861348874 , 0.001872576482 , 0.001881463495 , 0.001848544657 , 0.001865113959 , 0.001643668497 , 0.001354306585 , 0.001342593747 , 0.0013696534   , 0.001374300961 , 0.001315263972 , 0.001354063853 , 0.001358712107 , 0.001356350591 , 0.001362490366 , 0.001363407437 , 0.001614121457 , 0.001351496254 , 0.00133003221  , 0.00133995226  , 0.001344836431 , 0.001327464132 , 0.001331501622 , 0.001341458439 , 0.001339358483 , 0.001327641487 , 0.001331169476 , 0.001367693199 , 0.001601668259 , 0.001336710426 , 0.001314586299 , 0.001315440964 , 0.001349709866 , 0.001329156916 , 0.00133006954  , 0.001329145963 , 0.001330057342 , 0.001314962761 , 0.001343342139 , 0.001335509994 , 0.001350931309 , 0.001316066622 , 0.001316507908 , 0.001339160062 , 0.001332781508 , 0.001335653757 , 0.001331357311 , 0.001343252737 , 0.001312101277 , 0.00134331903  , 0.00132389038  , 0.001327879052 , 0.001311241912 , 0.001339202567 , 0.001338549642 , 0.001362369487 , 0.001348474751 , 0.001343689189 , 0.001343968247 , 0.00134528387  , 0.00133508358  , 0.001377497468 , 0.001341603603 , 0.001377416466 , 0.001362563562 
0.001329667787 , 0.001355475098 , 0.001345158705 , 0.001331608541 , 0.001328758217 , 0.001352381469 , 0.001338381601 , 0.001336983624 , 0.001354780211 , 0.001317486526 , 0.00133950198  , 0.001353486598 , 0.001335346095 , 0.0004428128301, 0.001330978418 , 0.001332803916 , 0.001329580176 , 0.001326062981 , 0.001319502784 , 0.001326276229 , 0.001316916782 , 0.001333795483 , 0.00133750411  , 0.001312135656 , 0.001353278983 , 0.001336006542 , 0.00131985899  , 0.001330877484 , 0.001341292309 , 0.001324929311 , 0.001316192483 , 0.001322131428 , 0.001329837508 , 0.001314743239 , 0.001319241499 , 0.001324714661 , 0.001336245908 , 0.001320431753 , 0.001335192536 , 0.001320428223 , 0.001321560384 , 0.001330857788 , 0.00132450622  , 0.001336593052 , 0.00131472531  , 0.001327250487 , 0.0013178035   , 0.001322589263 , 0.001356526542 , 0.001346315621 , 0.001346914407 , 0.001366525131 , 0.001342821542 , 0.001350492759 , 0.001348115818 , 0.001335314394 , 0.001349829164 , 0.001343286599 , 0.001351409967 , 0.001346310178 , 0.001856373027 , 0.001853885123 , 0.001847151151 , 0.001866768199 , 0.001851059014 , 0.001829891297 , 0.001857823471 , 0.001839850377 , 0.001852487135 , 0.001868568173 , 0.00185505386  , 0.001877708868 , 0.001865083561 , 0.00191026161  , 0.001844417502 , 0.001853904176 , 0.001840923872 , 0.001858137974 , 0.001848421304 , 0.001875885051 , 0.001869661158 , 0.001866977463 , 0.001852601168 , 0.001848159434 , 0.001635043014 , 0.001623004429 , 0.001369322566 , 0.001362408254 , 0.001353974435 , 0.001352323214 , 0.001349473373 , 0.001343264693 , 0.001343936973 , 0.001368629329 , 0.001349050279 , 0.001353583322 , 0.001643561554 , 0.001339867932 , 0.001333263724 , 0.001338204872 , 0.001323513314 , 0.001340316799 , 0.001328607196 , 0.001337882112 , 0.001340798749 , 0.001341906156 , 0.001330615443 , 0.001341396016 , 0.001323665314 , 0.001336946099 , 0.001334687366 , 0.001346542585 , 0.001323303072 , 0.001308104083 , 0.001314624918 , 0.00132030467  , 0.001337611603 , 0.001305262089 , 0.001314139563 , 0.001341184222 , 0.001311393133 , 0.001313636172 , 0.00131994313  , 0.00132461779  , 0.001329114605 , 0.001352766648 , 0.00131399093  , 0.001316165724 , 0.00134205149  , 0.00132339471  , 0.001324153828 , 0.00133123927  , 0.001335596775 , 0.001356171322 , 0.00134733062  , 0.001327584033 , 0.001326557408 , 0.00132558473  , 0.001339493531 , 0.001342948489 , 0.001345942853 , 0.001330276213 , 0.001349614913 , 0.001356706127 
0.001338394871 , 0.001327336977 , 0.001342667385 , 0.001333429062 , 0.001331401144 , 0.00135545415  , 0.001324339331 , 0.00133163147  , 0.001349991366 , 0.001336714651 , 0.001343002794 , 0.001330828416 , 0.001314059102 , 0.001330978418 , 0.0004328455788, 0.001344759058 , 0.001319156835 , 0.001311530654 , 0.001315008098 , 0.001309746528 , 0.001304630304 , 0.001337402795 , 0.001323327917 , 0.001314100209 , 0.001317100683 , 0.001340393478 , 0.001327792374 , 0.001317304054 , 0.001332541312 , 0.001331671131 , 0.001308873633 , 0.001320168099 , 0.001304076067 , 0.001316619797 , 0.001308260738 , 0.001332144592 , 0.001312524315 , 0.001324283461 , 0.001331843506 , 0.001309274169 , 0.001311751582 , 0.00133806919  , 0.001310432481 , 0.001329636995 , 0.001328006685 , 0.001308247871 , 0.001320924348 , 0.001318194603 , 0.00136102244  , 0.001351801533 , 0.001344253958 , 0.00133722957  , 0.001342448784 , 0.001324302002 , 0.001342977957 , 0.001343404386 , 0.001329035878 , 0.00134462381  , 0.001364327562 , 0.001347103791 , 0.001833690827 , 0.001840452926 , 0.001836927766 , 0.001851415667 , 0.001826994265 , 0.001843075288 , 0.001844114025 , 0.001834458786 , 0.00182444372  , 0.001823052722 , 0.001840938709 , 0.001852049252 , 0.00184725696  , 0.001849808634 , 0.00188790343  , 0.001843484116 , 0.001844842236 , 0.001834581147 , 0.001844923114 , 0.001839962634 , 0.001858844872 , 0.001852364895 , 0.001845468653 , 0.001834145569 , 0.001337052023 , 0.001630242464 , 0.001621531319 , 0.001351316204 , 0.001339293405 , 0.001344263259 , 0.001339562726 , 0.001355143695 , 0.00135721008  , 0.001357812262 , 0.001349399461 , 0.001326190374 , 0.001354275751 , 0.001594086846 , 0.001353120304 , 0.001326730465 , 0.001317293016 , 0.001324756646 , 0.00130834544  , 0.001309990793 , 0.001324824108 , 0.001323780011 , 0.001338781021 , 0.001335184791 , 0.001332905921 , 0.001329291055 , 0.001341933021 , 0.001309988197 , 0.001328412606 , 0.00131709616  , 0.001335023181 , 0.001323394474 , 0.00131368648  , 0.001294346334 , 0.001326060679 , 0.001325372441 , 0.001338055254 , 0.001302452527 , 0.00131851324  , 0.001314155418 , 0.001316518272 , 0.001311028347 , 0.001319622049 , 0.001324825022 , 0.001326467997 , 0.001307367194 , 0.001322365668 , 0.001315124808 , 0.001329686993 , 0.001341991393 , 0.001328499504 , 0.001334845001 , 0.001318817777 , 0.001332995479 , 0.001326130029 , 0.001326382789 , 0.001327874394 , 0.001318070394 , 0.001345624937 , 0.001339851287 
0.001344637266 , 0.001361633588 , 0.001352094204 , 0.001373476569 , 0.001362662727 , 0.001345971488 , 0.001326914283 , 0.001355177411 , 0.001350129775 , 0.0013444939   , 0.001351561067 , 0.001355760777 , 0.001336407551 , 0.001332803916 , 0.001344759058 , 0.0004411186735, 0.001347607271 , 0.001361997759 , 0.001307739038 , 0.001318528675 , 0.001338958443 , 0.001341417879 , 0.001323775876 , 0.001323631141 , 0.00134449592  , 0.001341945928 , 0.001341730111 , 0.001354777427 , 0.001340558671 , 0.001328562917 , 0.001327627961 , 0.001326436895 , 0.00133116281  , 0.001326211192 , 0.001325801596 , 0.001332748797 , 0.001329413398 , 0.001329720057 , 0.001339527192 , 0.001330732731 , 0.00134257498  , 0.001338867549 , 0.001330649709 , 0.001324929622 , 0.001321943372 , 0.001320521206 , 0.001328204094 , 0.001312923258 , 0.001364825339 , 0.001352137146 , 0.001362885295 , 0.001382384874 , 0.001357183442 , 0.001364033301 , 0.001361884609 , 0.001349355927 , 0.001359581969 , 0.001362895925 , 0.001368963047 , 0.001352695034 , 0.001851757234 , 0.001872959834 , 0.001854376964 , 0.001875993986 , 0.001855960124 , 0.001856550649 , 0.001876619659 , 0.001860193524 , 0.001872363066 , 0.001865287812 , 0.001863927013 , 0.001879719719 , 0.001873618161 , 0.001882093844 , 0.001857317261 , 0.001929855932 , 0.001883373447 , 0.001855670961 , 0.001847592493 , 0.001869965871 , 0.001885272484 , 0.001878567985 , 0.001856916326 , 0.001849666976 , 0.001371424086 , 0.001364254082 , 0.001636124428 , 0.001642247582 , 0.001375565987 , 0.001342777569 , 0.001355242777 , 0.00137595045  , 0.001362005968 , 0.001382764296 , 0.001364058058 , 0.00136612556  , 0.001358202056 , 0.001370965201 , 0.001621221309 , 0.001381793051 , 0.001353316885 , 0.001346464737 , 0.00133567145  , 0.001349324252 , 0.001356279135 , 0.001326928021 , 0.001351274038 , 0.00133939531  , 0.001329696372 , 0.001330659464 , 0.00134507012  , 0.001333865143 , 0.001336166184 , 0.001331362587 , 0.001332119958 , 0.001341797014 , 0.001322780522 , 0.001332691415 , 0.001316219108 , 0.001324638194 , 0.001336486485 , 0.00132935953  , 0.001330056312 , 0.001347724881 , 0.001342418344 , 0.00132784392  , 0.001320137406 , 0.001321737478 , 0.001336724836 , 0.00133452546  , 0.001335601134 , 0.001335365992 , 0.001344729902 , 0.001355557471 , 0.001361574445 , 0.001348043672 , 0.001337092657 , 0.00136583852  , 0.001351746273 , 0.001350170443 , 0.001365453132 , 0.001348204813 , 0.001349538309 , 0.001362617498 
