<Sz_i Sz_j >                                      
0.6723216026    , 0.03531464752   , 0.01113129641   , -0.000122050124 , -0.001441098036 , -0.0003759597951, 0.000409832036  , -0.00246705056  , -0.0008047349881, 0.0009625702826 , 0.006667740712  , 0.03618667564   , 0.02818019219   , 0.008843548011  , 0.005211637806  , -0.00187848525  , -0.001091445496 , -0.0001428160718, -4.761585035e-05, -0.001653335254 , 0.0001365207039 , 0.004075517312  , 0.008111142869  , 0.02519089268   , 0.005559859298  , 0.003082198444  , -0.0001271090493, -0.001089803352 , 0.0006365072807 , -0.0005723402153, -1.835804787e-05, 0.0022269557    , 0.001620595927  , -0.001593875179 , 0.004129199177  , 0.007376143745  , 0.0008713850151 , -0.001160518233 , -0.002506303921 , -0.001646646973 , 0.001972204874  , -4.374044186e-05, 0.001688923939  , 0.002084526575  , 0.001849164995  , 0.0008330401915 , 0.001894369138  , -6.920427578e-05, -0.0003060661913, -0.000790689825 , -0.001421097804 , -3.308173831e-05, 0.0009077278374 , -0.0008593317639, -0.002519799369 , 0.001528327834  , 0.002603763347  , -0.0002766473757, 0.0009361499082 , 0.002896951479  , -0.001147076854 , -0.0007365441638, 0.004440384411  , 0.0006279342694 , -0.004141908613 , -0.002488346554 , -0.0007797784034, 0.001904208129  , -4.542907226e-05, -0.001732413438 , 0.000431564996  , -6.375930038e-05, -0.2639758245   , -0.02349919221  , -0.008100713798 , 0.0007989908766 , 0.000154844925  , 0.0009565835686 , 0.001211955031  , 0.001867146736  , -0.0001583709946, -0.003280428473 , -0.02223849343  , -0.2712634293   , -0.03688106011  , -0.01065409154  , -0.002225038348 , 0.0004467064369 , 0.0004036142635 , -0.0008303019755, -0.0001894347405, 0.001357372436  , -0.0007303840933, -0.006997905855 , -0.0363920659   , -0.1998183579   , -0.006620674017 , -0.003234629306 , 0.002794145575  , 0.0003155735666 , -0.0007184651701, 0.001950261075  , 0.0002738545559 , -0.002340104464 , -0.002205084764 , -0.003919583666 , -0.006967891837 , -0.008530349203 , -0.0009596557956, -0.001440083904 , 0.0009277146278 , 0.0002198743015 , -0.0003175457738, -0.001335792866 , -0.001119683613 , -0.003667093745 , 0.0004705476449 , -0.001901388933 , -0.003125562452 , -0.00149587806  , 0.0007217142832 , 0.001512347483  , 0.002567559058  , -0.002601855021 , 0.0002659425592 , 0.001229917447  , -0.0009830184205, -0.0006290063777, 0.0005176627955 , -0.0001733043853, -0.0006218553772, -0.0008796429705, 0.001392212157  , -0.0007826354137, -0.0003843819345, 0.0005532546882 , 0.003035235354  , 0.002228429862  , -0.0001920314744, -0.002862457506 , 0.001515206156  , 0.0002385007284 , -0.0009575507479, -0.0009711282782
0.03531464752   , 0.6723775912    , 0.03757055249   , 0.009228326516  , 0.001291068652  , -0.000520340155 , -0.001505736373 , -0.0002419356091, -0.001418489142 , 0.001006448987  , 0.0009414818287 , 0.008386809216  , 0.02763308155   , 0.02837700007   , 0.007891810973  , 0.001709378019  , 0.0005793247931 , 0.002978374766  , 0.002191518894  , 0.0001948588321 , -0.0003185654124, 0.0007795425531 , 0.002707982242  , 0.007261898786  , 0.009811715815  , 0.004410945302  , 0.002074320868  , 1.601223073e-05 , 0.002573981888  , 0.000529991464  , -0.002749991941 , -0.002105431503 , -0.000682948425 , -0.001932123699 , 0.002979267399  , 0.006714484644  , 0.001411277044  , -0.0001337366943, 0.0006727050689 , -0.002390408471 , 0.002729956876  , 0.00214039323   , -0.001112788968 , 0.0003669676596 , 0.001920258357  , -0.0005723522463, -0.0008027962431, 0.002773715814  , -0.0005650393579, 0.0004397386319 , 0.001876526754  , 2.750653197e-05 , -0.0018644667   , -0.0005715407293, 0.0009057159984 , 9.831111785e-05 , 0.003184057553  , 0.001960936124  , 0.0006494350095 , 0.000656025069  , 0.002040985494  , -0.0002281127411, 0.00139060384   , -0.002092911453 , -0.003964936732 , -0.003885947156 , -0.004690810224 , 0.003441885067  , -0.001864512314 , 1.753174008e-05 , -0.002539991442 , -0.001992078042 , -0.2690870364   , -0.2709094193   , -0.02528873768  , -0.005245048708 , -0.0002809244985, 0.002254582151  , 0.002080413862  , 0.001407425445  , -0.001418832762 , 0.001765722052  , -0.006143852535 , -0.02654151996  , -0.1992561232   , -0.03617181274  , -0.00863598722  , -0.0003825414436, -0.0004386374486, -0.002194967699 , -0.001487207179 , 9.670192347e-05 , -0.0008530268738, -0.0008433630867, -0.00862793459  , -0.03650531899  , -0.008453046155 , -0.005613546858 , -0.001088642881 , -0.003232503679 , -0.001739977038 , 4.403449241e-05 , 0.002322454963  , 0.001654975298  , -0.0002524539394, -0.002405675289 , -0.005694877337 , -0.009866787754 , -0.001969925163 , 0.0001790643339 , 0.001266435327  , 3.076895891e-05 , -0.001914721778 , 0.00230248597   , -0.0008941734251, -0.00184425767  , 0.002111655529  , 0.000951455731  , -0.003283053523 , -0.003973628136 , -0.0002488681204, 0.0007631051832 , -0.0005505516194, -0.001256201357 , -0.0008959307512, -0.0005669048163, 0.001391308544  , -0.001988559528 , -0.002437842092 , 9.000290124e-05 , -0.001120135491 , 9.030983622e-05 , -0.001545398304 , -0.001792246737 , 0.001270476544  , 0.001719266123  , 0.002750404603  , 0.001080951152  , 0.0007772987291 , -0.001413733417 , 0.0007779280869 , 0.0002949697643 , 0.0009358486678 , 0.00253225459   
0.01113129641   , 0.03757055249   , 0.6725826757    , 0.03489056134   , 0.007461729587  , 0.003053146565  , 0.0002375209109 , 0.0003213940531 , 0.0005671112101 , -0.001681729027 , -0.0003498520613, 0.001228141183  , 0.007751602019  , 0.02869312313   , 0.0277701222    , 0.00817590157   , 0.005594700167  , 0.001438571248  , -0.0004358465725, 0.0004573602421 , -0.0001424991848, -0.0004947455311, 0.0003867601819 , 0.00296913516   , 0.005754846055  , 0.008063594436  , 0.003722675852  , 0.002116272283  , 0.000278736352  , -0.0001259313925, -0.0002063372702, 7.297210411e-05 , 0.001027132503  , -0.0005186535821, 0.00213293529   , 0.001753750176  , 0.003158162555  , 0.0009610672438 , 0.0004561838511 , -0.001233692074 , 0.0008978974125 , 0.001729299886  , -0.0003334434633, 0.001106956089  , 0.003378460886  , -0.002600995705 , -0.002348271166 , 0.002680845322  , 0.001076450927  , 0.002110106458  , 0.0001492050503 , -0.002012764988 , 0.002067599154  , 0.0006454058896 , -0.001058561406 , 0.0003805218783 , 0.0005218268778 , -0.0007908098039, -0.0006194813116, 0.001815221044  , -0.001176142747 , -0.002546539251 , -0.002608016129 , -0.002496399756 , 0.0006017043643 , -0.002144040932 , -0.001641792616 , 0.001394516152  , 0.0009941566015 , -0.0002395641303, 0.003008411264  , 0.001489906312  , -0.0282824125   , -0.2661630903   , -0.2682418823   , -0.02407270709  , -0.006674263226 , -0.002887078707 , 2.317760861e-05 , -0.002409639151 , 0.0002716287364 , 0.002803750597  , 3.903346661e-05 , -0.006983089134 , -0.03742636842  , -0.1980973308   , -0.03706990752  , -0.00815598968  , -0.004901902965 , -0.000535710888 , -0.0003465235399, 0.002595715144  , -0.001137338579 , 0.0001537044472 , -0.003061303367 , -0.009599583421 , -0.01106810804  , -0.009867393135 , -0.00598360172  , -0.003333562326 , -0.0002401826471, 9.908078315e-07 , -0.001483721062 , -0.0001840878901, -0.0001431565538, 0.0009056036672 , -0.002995618126 , -0.00401849255  , -0.002459873677 , -0.001605530241 , 0.000456487193  , 1.731153346e-05 , -0.001777388278 , 0.0006024416152 , -0.0008086263645, -0.004932515819 , -0.0001055731223, 0.001031961434  , -0.001234867423 , -0.004954493483 , 0.000116568248  , -0.001586660519 , 0.001610300788  , -0.001175798977 , -0.001207077992 , 9.284020454e-05 , -0.000565652211 , -0.0008686468413, 0.0004159561287 , 0.001014120867  , -0.001319722538 , -0.002467616336 , 0.001525565675  , 0.0008128676879 , 0.002010349487  , -0.0002635183897, -0.001802026197 , 0.00124994111   , 0.0008644123814 , -0.0001442753395, 0.0002451656689 , -0.0009782479238, -0.0009359110536, -0.0001203376184
-0.000122050124 , 0.009228326516  , 0.03489056134   , 0.6716193098    , 0.035600647     , 0.007512765196  , 0.001871744679  , 0.002365058712  , -0.001520279555 , 0.0001850344817 , -0.001061246582 , 0.0006292255334 , 0.001991327619  , 0.008212843208  , 0.02687926371   , 0.02826739186   , 0.007641151429  , 0.00476521989   , 0.0007424738575 , 0.0007980910386 , -0.0003792878143, -0.0005674537982, -0.0001818909087, 0.001309975321  , 0.002350245296  , 0.0005823664629 , 0.009399220909  , 0.00325221604   , -0.00148317928  , -0.0005824905336, -0.001642573502 , -0.001152219897 , 0.0007175931864 , 0.0008656327468 , -0.0001691851875, -0.001287950241 , 0.003181355231  , 0.003861175762  , 0.0007606397403 , -0.001177797676 , -0.0006751379549, 0.0003700711249 , -0.002009372901 , -0.0002431649412, 0.001781509985  , 0.0001159750402 , -0.002516636888 , 0.001274628704  , 0.002547326773  , 0.003209410245  , 0.0008728562775 , 0.001290214414  , -0.000576961894 , 0.0006562726301 , 0.001240624635  , 0.0001800968525 , 0.001970913283  , -0.00115645918  , -0.001142376801 , 0.0003972898449 , 0.003006172521  , 0.0002778711647 , 0.002183705698  , -0.00231978965  , 0.001081524064  , 0.00168932342   , 8.414430485e-05 , 0.0003662062982 , -0.0004923109124, 0.0009559349556 , -0.001737236031 , 0.002301188458  , -0.002990810477 , -0.0234676957   , -0.2660941232   , -0.2680934002   , -0.02329399647  , -0.005260484268 , -0.002214955329 , 1.279906863e-05 , 0.002277591614  , 0.0023535022    , 0.001481602085  , 0.001529404754  , -0.008989004551 , -0.03587104115  , -0.2017096505   , -0.03506213403  , -0.008318834658 , -0.003379062322 , -0.0008549461799, -0.0002963965233, -0.0001980240302, 0.001161135719  , -0.00140803765  , -0.000434078405 , -0.003982986443 , -0.007367349945 , -0.01064929842  , -0.00544640858  , -0.001805264984 , 0.0001475997374 , -0.0005357625292, 0.001125276904  , -0.001054363967 , -0.00174917262  , 0.0008466284156 , -0.001511955503 , -0.002079588794 , -0.005133554579 , 0.001762924513  , -0.0001070101538, 0.002060485987  , 0.001930480314  , 0.00287173047   , -0.001999622366 , -0.001654955665 , 0.0005994094049 , 0.002591097998  , -0.00233258506  , -0.002278304482 , 0.0001974905229 , -0.000230933986 , -0.001161918329 , 0.001494019384  , -0.002985049764 , -0.001193556363 , 0.0001207165414 , 0.00113474602   , 0.00145626187   , -0.002269988104 , -0.00175670274  , -0.0029715269   , 1.888106859e-05 , -0.001709699857 , 0.0008944078351 , -0.002554471981 , -0.0008291731496, -0.0009654541137, 0.001221936714  , -0.000207572163 , 0.001623415569  , -4.20046581e-05 , -0.001864323521 
-0.001441098036 , 0.001291068652  , 0.007461729587  , 0.035600647     , 0.6721913791    , 0.03567894637   , 0.00563106238   , 0.003603034634  , 0.0006953963696 , 0.0006018446168 , 0.002260637286  , -0.001548620108 , -0.001900732184 , 0.002916564028  , 0.009013344432  , 0.02810488987   , 0.02739030668   , 0.009498295994  , 0.001142109209  , -0.0003774747116, 0.0004279680983 , 0.0008323250784 , 0.0003557799229 , -0.002658515504 , 0.000425044673  , 0.000612514577  , 0.004653410992  , 0.006718901644  , 0.004858312996  , 0.001466380129  , -0.0001149978883, -0.001285596771 , -0.0009663855198, -0.000931950273 , 0.0003677922572 , 0.0005512137669 , -0.0002220439626, 2.938324402e-05 , -0.0003633217546, -0.0001327907834, 0.0007921719336 , -0.001348242912 , -0.002435434416 , 0.000571913118  , 0.00181714455   , 0.00110617233   , 0.003427537056  , -0.0005116469086, -0.0005447912006, 0.001231376584  , 0.000557027591  , 0.0007292952187 , 0.001153125879  , -0.001604706015 , 0.0006308934199 , 0.00242424381   , 6.904003093e-05 , 0.000736179187  , -0.0009443353383, 0.0002162677533 , 0.0008635290346 , -0.0009410964288, 0.00389458375   , -0.003427198835 , 0.001977668564  , -0.0009691816765, -0.001839310693 , -0.001315185893 , 0.0002178269818 , -0.001141786999 , -0.002540537996 , 0.0006717553291 , 0.0002802876381 , -0.008199424776 , -0.02336366654  , -0.2651786212   , -0.2682548707   , -0.0219710135   , -0.007883519261 , -0.001898683974 , -0.001906636842 , -0.002221781616 , -0.001842723544 , 0.001503190249  , -0.0001234098107, -0.008023163852 , -0.037582362    , -0.195824362    , -0.03564572551  , -0.006498241864 , -0.001225464817 , -0.002194104852 , -0.002583439511 , 0.00103199601   , 0.002678729398  , 0.002108233408  , -0.003065409989 , -0.003641030398 , -0.01187886124  , -0.009552158551 , -0.006414161405 , -0.001647543483 , 0.0009595220379 , 0.00111195911   , 0.002327513749  , 0.0008489818033 , 0.0004006441392 , 0.001784036523  , -3.33958158e-05 , -0.001887452818 , -0.001265060009 , -0.0006142046217, 0.0006241637091 , 0.0005934542174 , 0.002206365119  , -0.0007358654439, -0.002995960822 , -0.0004407960441, -0.0005836862341, 0.0003207142375 , -4.896044228e-05, -0.0008892762359, -0.0005760973391, 9.438860953e-05 , 0.001635355181  , 0.0001600007443 , -0.001585941574 , -0.002083945305 , -0.001647662383 , -0.001960214002 , 0.0001900978834 , -0.000103081888 , 0.001323746907  , -0.0005350075026, -0.0003929852248, 0.0004213877942 , -0.0004788973695, 0.0005827376957 , 0.0003178358198 , 0.0006964005248 , -0.0001942766925, 0.00348565317   , -0.0005903529703, -0.001529445812 
-0.0003759597951, -0.000520340155 , 0.003053146565  , 0.007512765196  , 0.03567894637   , 0.6730602406    , 0.03726802628   , 0.008422870462  , 0.001496164678  , -0.000668485366 , -0.0003870913061, -6.823471255e-05, -0.001791165058 , -0.0001076940121, 0.002717641005  , 0.01185331408   , 0.0316740941    , 0.03184216928   , 0.007389577256  , 0.001176294942  , -0.001166034443 , 9.0477983e-06   , 0.0009805280655 , -0.0008172557179, -0.001277213414 , 0.001184858375  , 0.001885112329  , 0.005053023574  , 0.00912360742   , 0.004769254399  , 0.0002475716748 , -0.00133424815  , -0.0009341860228, 0.002018429145  , 0.0005536927658 , -0.00203312268  , -0.0006778078969, 0.0004291726622 , 7.628806903e-05 , -0.001370243038 , 0.002079762876  , 0.0006860520637 , -0.0002495024712, -0.0008192103083, 0.002189738835  , 0.000428211502  , 0.001850592535  , 0.0004027634899 , 0.003961935836  , -2.848408023e-05, 8.037235092e-05 , -0.001043911111 , -0.001235717571 , -0.001922131975 , -0.0008003793305, -0.001543818699 , -5.819372856e-06, 0.001713231916  , -1.342104503e-05, -0.0003087062414, 0.0002328735266 , 0.002005457063  , -0.000160177869 , 0.00155718032   , 0.001291364141  , -0.001207443088 , 0.003637111375  , 0.001481611802  , -0.0007457074405, -0.001287962377 , -0.001185141992 , -0.00149378133  , 0.001799581131  , -0.001305845457 , -0.002730788076 , -0.02330949499  , -0.2647809644   , -0.2691945974   , -0.02810713276  , -0.00514023951  , 0.003796456725  , 0.0006086513013 , -0.001902985831 , -0.0007243146015, -0.000409840448 , -0.002244084244 , -0.01127948372  , -0.04128140192  , -0.2051503354   , -0.03791010185  , -0.005924667921 , -0.002163683675 , -0.0007831176478, -0.0008722947394, 0.0009790618206 , 0.001488759133  , 0.0007976222241 , -0.002082431747 , -0.006642562034 , -0.01068564542  , -0.01170748552  , -0.005490413007 , -0.0003260202572, 0.003094250217  , -0.002003130391 , 0.00030630122   , 0.002242541412  , 0.001666219411  , -0.001502956274 , -0.0007092283843, 0.0003144120258 , -0.003024592481 , -0.002211124336 , -0.00191266569  , 0.0009315162812 , 0.0005990406522 , -0.001460662711 , 0.0003189486982 , 0.001202014991  , 0.00248358383   , -0.001271272702 , 0.0002252132103 , 0.0006161805278 , 0.002232844592  , 0.000731900569  , 0.0007785223899 , 0.0005872168477 , -0.001069275072 , -0.001511739848 , -0.001772294665 , -0.001771777035 , -0.001186364261 , -0.0006275524732, -0.000257893075 , -4.606471599e-05, 0.001228342529  , 0.0006072591071 , 4.051072966e-05 , -0.001025327563 , 0.000111932857  , 0.001852140596  , -0.0005382727406, 0.000955460603  , -0.0007617200472
0.000409832036  , -0.001505736373 , 0.0002375209109 , 0.001871744679  , 0.00563106238   , 0.03726802628   , 0.6721969607    , 0.03671405808   , 0.007216832352  , 0.000800720677  , 0.001981521125  , 0.001323525704  , -0.001516895604 , -0.0006317107248, -6.870835404e-05, 0.002752222331  , 0.01120640578   , 0.02827139536   , 0.0297561137    , 0.008705204158  , 0.002901211034  , 0.0006272932337 , 0.001442390946  , 0.0001841474306 , -0.001741096635 , -0.0005243779186, -0.0008426668769, 0.002253212173  , 0.004284676584  , 0.008302925592  , 0.005907009402  , 0.000984060438  , -0.0005685963141, 0.001639304376  , 0.0001172036473 , 0.0007404572767 , -0.001512023161 , -0.002015489458 , -0.0003997472858, -0.0001707886826, 0.0007524962251 , 0.001485074379  , 0.0002993954728 , 0.0004580221612 , 0.001010246536  , 0.001113560236  , 0.002013184332  , 0.0004883866472 , -0.0009021993363, 0.001190559108  , -5.074778307e-05, -0.001057880834 , -0.003171730809 , 0.0003706660887 , -0.001484563374 , -0.0001690666125, -0.0005115172712, 0.002256412819  , 0.001833822896  , 0.0005766797652 , 0.0008688144057 , 0.001668466072  , 0.001257530387  , 0.003107174761  , 0.002520689992  , -0.001293740879 , -0.001869628691 , 0.000997402247  , -0.0007556447515, 0.001547344723  , -0.0005478081286, 0.001107271847  , 0.0006293754238 , 0.000759265262  , 0.002204901812  , -0.002860205886 , -0.02041560843  , -0.2668245506   , -0.2661778696   , -0.0249477197   , -0.003023854298 , -0.004813974103 , -0.002536864219 , -0.004042804098 , -0.0003058145687, -0.001883475001 , -0.002823837674 , -0.008977743991 , -0.03837628298  , -0.2006040664   , -0.03692673445  , -0.009655390925 , -0.001585137021 , 0.0004682694149 , -0.001555032749 , 0.0007357517976 , 0.001683334586  , 0.001091762714  , -0.002428885578 , -0.006793950622 , -0.008611055776 , -0.01165959955  , -0.008344918354 , -0.001111004662 , -0.001304677664 , -0.001362648828 , 0.0007150464719 , 0.0007411410042 , 0.0001988168593 , 0.001137328003  , -4.589043516e-05, -0.0008241353769, -0.003869205106 , -0.001203402237 , 0.0003817394317 , -0.001033782184 , -0.001914585075 , -0.00274968777  , -0.0006044373314, 0.002169261554  , 0.0009047105278 , -8.210733446e-05, 0.002902982538  , 0.002408004342  , 0.0001736076653 , 0.0008510907171 , 0.0003841925517 , -0.000967885643 , -0.0009346154027, -0.001785601029 , -0.001565586102 , 0.0003304985051 , -0.0008931810786, 0.0009886479735 , -0.0007069940851, 0.0009865030741 , 4.915055336e-05 , 0.001717894181  , 0.0004113432657 , -0.0002103403979, -0.0001847148107, -0.0005078539181, -0.0005270050503, -0.0003661384996
-0.00246705056  , -0.0002419356091, 0.0003213940531 , 0.002365058712  , 0.003603034634  , 0.008422870462  , 0.03671405808   , 0.6722658831    , 0.039646357     , 0.008659680986  , 0.002349148027  , 0.001086608267  , -0.002149412659 , -0.002653360278 , 0.001116968144  , -0.000651499511 , 0.004155370424  , 0.009538949762  , 0.02946570879   , 0.02850540265   , 0.007269194403  , 0.002338801982  , 0.0005592961907 , 4.346104594e-05 , 0.001824024874  , 0.001698551226  , -8.429158643e-05, 0.0002545178544 , 0.002254519096  , 0.004987979597  , 0.009732801734  , 0.004166139471  , 0.00140502663   , -0.002205937308 , 0.0006881746639 , -0.002909645232 , 0.001890328133  , 0.00113700521   , 0.0004721735036 , 0.0002293303554 , -0.0006224948577, -6.501003128e-05, 0.002874857243  , 0.001327859429  , -0.0007643964236, 0.0002313660476 , 0.001411444076  , 0.001089904766  , 0.000755251806  , 0.002238291605  , -0.001242428712 , 0.0006683170117 , 0.001481753751  , -0.0002140016788, 5.125145886e-05 , 0.0016873873    , -0.0001114157288, 0.00195383547   , -0.0005723042207, 0.0005934595812 , 0.001540476434  , 0.00221924695   , 0.003199112058  , 0.005991684468  , 0.002858668574  , 0.001646372696  , -0.0002603020551, -0.002425442023 , -0.002467570012 , -0.0009786397306, -0.001940623867 , 6.131612677e-05 , 0.001355299053  , 0.001055280966  , -0.001873195898 , -0.002746995345 , -0.007256816567 , -0.02736730036  , -0.2696933291   , -0.2686607105   , -0.02488593383  , -0.006595017234 , -0.001073659446 , -0.000820722825 , 0.002293702731  , 0.000240755943  , -0.002122988909 , -0.003924096935 , -0.007035127264 , -0.03711838142  , -0.2011637624   , -0.03780845083  , -0.009578581047 , -0.0009797461515, -0.001095681276 , 0.001236348626  , 0.0001201804001 , -0.001298190595 , 0.000297693589  , -0.003440053608 , -0.007209202979 , -0.01143506037  , -0.009411392748 , -0.004323694671 , -5.609868074e-06, -0.0005327021192, 0.003315818796  , -6.662852385e-05, -0.0013803558   , -0.001916195736 , 0.0003844151503 , 0.0003694557221 , -0.00155231943  , -0.005146835444 , -0.001239627401 , 4.504355502e-05 , 0.0002044668433 , -0.0009704664911, 0.0001571607896 , -0.001400699806 , 0.0002232609907 , -0.0006954847373, -0.0008958666923, -0.0004057358487, 0.001428469063  , -0.0007725693206, -0.0002150305145, -0.0008359747031, -0.0003613179109, -0.001508325864 , -0.001327164709 , -0.00170964538  , 0.0001069554912 , -0.0006769027524, -0.004192436964 , -0.002623899897 , 0.001297208198  , 0.000933159909  , 0.0002281763524 , 0.00167284428   , -0.000261396548 , 0.001386145971  , -0.0002117406453, -0.0006877413222
-0.0008047349881, -0.001418489142 , 0.0005671112101 , -0.001520279555 , 0.0006953963696 , 0.001496164678  , 0.007216832352  , 0.039646357     , 0.6732003966    , 0.03308908426   , 0.007029296947  , -0.0002006144735, -0.001204195796 , -0.001157602637 , 0.0001780071159 , -0.0004758586885, -0.000906059647 , 0.0008815321151 , 0.008848807935  , 0.02823252138   , 0.02498474994   , 0.004695899824  , 0.0022818687    , 0.0004106839682 , -0.0002749298135, 0.0001976463228 , -0.0003688389488, 0.0003850799803 , -0.0005855859263, 0.001557438223  , 0.007262904501  , 0.009051358342  , 0.005230328694  , 0.0006905659189 , 8.27915201e-06  , -0.002935501471 , -0.0009299077225, -0.002736842813 , -7.683235319e-05, 0.0005402565795 , 0.003166083218  , 0.00305251586   , 0.003378122267  , 0.002850477907  , -9.3263322e-05  , -0.003243883936 , -0.00150373609  , -0.002198110779 , 0.001009668695  , 0.0003209874299 , -0.002140960022 , 0.002347487678  , 0.0003358102653 , 0.001678381677  , 0.001477432033  , 0.001035738492  , -0.0006045332942, 0.001439540613  , -0.0007856784768, -0.0007235456916, 0.001825150871  , -0.002189526731 , 0.001256918683  , -0.0007675099645, 0.001736049741  , 0.002779193964  , -0.0009084745061, -0.0002860236036, -0.0006070142939, -0.002918912081 , -0.003214325992 , -0.0005835790272, 0.001655963911  , -0.0001610679387, -0.001395792926 , -0.0006306325595, -0.001108917266 , -0.004670328935 , -0.02389201237  , -0.2698288495   , -0.2606326979   , -0.02141142459  , -0.003788981682 , -0.0001016854294, 0.002565977836  , -0.0009179493296, 0.0007537701856 , -0.0008336573158, -0.001021377018 , -0.008128248764 , -0.03783565096  , -0.1973607923   , -0.03523118513  , -0.006620696789 , -0.001982561165 , 0.001565622428  , -0.0008251886349, 0.00053182602   , 0.001063485877  , -7.474689183e-05, 0.0003187438791 , -0.005792858233 , -0.01135154259  , -0.009670848952 , -0.002956815174 , -0.002434633199 , 0.001583773237  , 0.001411110498  , 0.002148929851  , -0.0002697560891, 9.338969715e-05 , -0.0007648350152, -0.001813587745 , -0.004724651514 , -0.002799534122 , -0.004022554823 , 0.0007759960042 , -0.0006029927943, 0.001926442729  , -0.0007339904307, 0.001275925472  , 0.001072816408  , -0.0009823542664, -0.001519974174 , -0.002120611149 , -0.00160633482  , -0.0001463732717, -0.0001751513945, 0.001992491318  , -0.000775208262 , 0.0007079353076 , -0.0004557340725, -0.0001207229485, 0.0005840670159 , -0.0002884412809, -0.0005382624836, -0.001118000364 , 0.001317168622  , -0.0002116153234, -0.0004360523208, 0.002968695331  , 0.001014232712  , 0.002179454106  , 0.0009042724867 
0.0009625702826 , 0.001006448987  , -0.001681729027 , 0.0001850344817 , 0.0006018446168 , -0.000668485366 , 0.000800720677  , 0.008659680986  , 0.03308908426   , 0.6719002105    , 0.0351838115    , 0.00669154163   , -0.001005169416 , 0.002184804131  , -0.001320216745 , 0.0009690000587 , -0.001357712721 , -0.001606336038 , 0.001103913885  , 0.008294585369  , 0.02659981961   , 0.02768316196   , 0.006076658342  , 0.002289777961  , -0.0002212791944, 0.001206928495  , -0.000174061828 , 0.001308276366  , -0.000218139033 , 0.0005870605508 , 0.0004234719702 , 0.00570397898   , 0.007917306402  , 0.002970608358  , 0.001926814214  , 0.001413224385  , 0.001709729127  , 0.0001717107597 , 0.001229745803  , -0.002216509208 , -0.002366998511 , 0.001527322199  , 0.001626419196  , -0.0004483623688, 0.001199811941  , -2.926635366e-05, 0.001434218088  , 0.000564456202  , -3.810513864e-05, 0.0007197673239 , -0.000878651053 , -0.0001184001498, -0.001383820574 , 0.0005250968636 , -0.0007898519254, 0.000707500945  , -0.002702428405 , -0.0005409765496, 0.00137174902   , 0.001253160587  , 1.403271476e-05 , -0.0007158193224, 0.001299927425  , -0.0004966523388, -0.002066126224 , 0.0003051706324 , 0.0006229704804 , 0.001494107578  , 0.001562388325  , 0.0006416295989 , -0.0004191764752, -0.002947785717 , -0.00048418632  , -0.002987895181 , 0.001076900245  , -0.001116343032 , -0.001088847475 , -0.00221536824  , -0.006308664568 , -0.02427990235  , -0.2687535158   , -0.26346635     , -0.02406875045  , -0.006123672473 , -0.0003505629956, -8.577260346e-05, -0.001075434649 , -0.001152133562 , 0.0004357399445 , -6.230856044e-06, -0.008433323908 , -0.03608738118  , -0.1970392086   , -0.03718802616  , -0.006547064726 , -0.0009594339363, 0.0005757624325 , 0.001354943902  , -0.001847667858 , 0.001411255889  , -0.0007719279625, -2.0735116e-05  , -0.005485194184 , -0.01033360212  , -0.01039315897  , -0.004987007207 , -0.00247258782  , -0.000530349872 , 0.0006385780913 , -0.000670432151 , 0.001619817439  , 0.002338001125  , -0.0002291453123, -0.001157463832 , 3.86974113e-06  , -0.002609263771 , -0.0006969524057, -0.0004580708974, -0.001931790236 , -0.0009055451075, -0.0008812496848, -0.0008445559825, 0.0024588606    , -0.0004180098753, 0.000453112404  , 0.0005897603469 , 0.0002254010063 , 0.0005590937264 , 0.002110221242  , -0.0002461651768, 5.774610564e-05 , -0.001705378842 , 0.0007479722113 , 0.0006553830288 , -0.0005231580031, 0.0007740779719 , -0.001627861974 , -0.0009616987681, -0.0005182618844, -0.000650376621 , 0.0002563133421 , -0.0004201356173, 0.00140950449   , 0.001767159119  
0.006667740712  , 0.0009414818287 , -0.0003498520613, -0.001061246582 , 0.002260637286  , -0.0003870913061, 0.001981521125  , 0.002349148027  , 0.007029296947  , 0.0351838115    , 0.6727503868    , 0.03484327949   , 0.0005382101735 , 0.000583059298  , -0.002284931786 , -0.001191114046 , -0.001016314547 , 0.0005327894716 , -0.00211445784  , -3.622021988e-05, 0.009508356871  , 0.02933351161   , 0.02752370514   , 0.008235882803  , 0.001331365938  , 0.0002045462012 , 0.0003806576522 , 0.0005132031074 , 0.0004603628246 , -0.002842936479 , 0.001318232466  , 0.003158785094  , 0.003712013598  , 0.006382022857  , 0.002308646072  , 0.0003774711355 , 0.000858876936  , -0.002613990723 , 0.001077565863  , 0.0006510079663 , -0.0008098326181, -0.0004549745083, -0.0001833820602, 0.000690220216  , 0.0002405861575 , 0.0005778655168 , -0.0007418576212, 0.0002692784875 , 0.0003854996282 , -8.995297589e-06, -0.0008062508566, 0.0006985874992 , -0.0005957119597, -5.780853644e-05, 0.0007551725409 , 0.002805638645  , 0.0008836632622 , 0.0002525248486 , 0.001954094771  , 0.0006671851393 , -0.001044801818 , 0.0003005118623 , 0.0006362506833 , 0.000226841807  , -0.0003725405648, -0.002705704409 , -0.0006582945931, -0.00139650637  , 0.00263776392   , 0.00552284243   , 0.003291823877  , 0.001121578591  , -0.005609390888 , -0.003571248385 , -0.0008523777255, 0.0009482603597 , -0.001720417011 , -0.001418255095 , -0.005817606079 , -0.005764326597 , -0.02447494052  , -0.2674760204   , -0.2684142756   , -0.0219600998   , 2.941273271e-06 , -0.0001553190269, 0.001684737122  , -0.0002583633762, -8.125327008e-05, -0.0004502895424, -0.0005097759686, -0.007915028503 , -0.03611401671  , -0.1993124487   , -0.03761951022  , -0.00742989481  , -0.0007675396304, 0.002537753952  , -0.001955520792 , 0.001227612112  , 0.001796847389  , 0.002131291619  , -0.001497684103 , -0.007195081247 , -0.0105021788   , -0.007675471814 , -0.004735179767 , -0.0014418546   , -0.0008829268731, 0.002326022212  , 0.0003359517404 , 0.001280194698  , 0.000212506667  , -0.0002951494428, -0.001734101602 , -0.0001722425728, -0.001626216179 , 0.0005140928106 , -0.001147090382 , -0.001902515593 , 0.0009994242973 , 0.0004026728255 , -0.00203407051  , 0.001362344451  , -0.0002868444592, 0.001363338124  , 0.0001304275497 , -0.002213469328 , -0.000524467959 , -0.0004481722861, 0.001400646387  , -0.001104195196 , 0.0006252879961 , -0.001261050561 , -0.0006603303388, -0.001689023365 , 0.001667405513  , -0.0006531403535, -3.364234272e-05, -0.0006172552295, -0.0004389518846, -0.003438665751 , -0.001130041326 , 0.0003987775576 
0.03618667564   , 0.008386809216  , 0.001228141183  , 0.0006292255334 , -0.001548620108 , -6.823471255e-05, 0.001323525704  , 0.001086608267  , -0.0002006144735, 0.00669154163   , 0.03484327949   , 0.6724672836    , 0.009912084382  , 0.002286891078  , 0.001921946389  , -0.0006204820781, -0.001833005988 , 0.0001605129794 , 0.001252722572  , -0.0003159535309, 0.00232663416   , 0.009736545742  , 0.02788560047   , 0.02967743157   , 0.004933591131  , 0.001791139363  , -0.00197275381  , 0.001267573185  , 0.001733203512  , -0.00173069161  , -0.0003901335082, 0.001349539831  , 0.004432719899  , 0.004998519418  , 0.007059447278  , 0.003574515292  , 0.001056408061  , -1.68433535e-05 , 0.0006827051449 , -0.002636062328 , 0.0006203119696 , 0.004487828577  , 0.00122436928   , 0.002047998295  , 0.003342759459  , 0.001091264777  , 0.003141646271  , 0.003767544191  , -8.742053807e-05, -0.0007695367926, 0.001998501688  , 0.001635778113  , 0.001852187435  , 0.001355687064  , 0.0002132579052 , 0.001852713369  , 0.002252185776  , 2.535561315e-05 , 0.0001653676129 , 0.003571645649  , 0.002110247997  , 0.0001661036021 , 0.00253169824   , 0.001809672657  , -0.001860533635 , -0.001949397443 , -0.0005654336683, -0.003008208013 , -0.002556406992 , 0.004370180088  , -0.001822673899 , -0.0001704819203, -0.02593814368  , -0.007213079796 , 0.001334258801  , 0.001806714223  , -0.0007809689056, 0.0003663542245 , 0.0001200772411 , 0.0008627981896 , -0.003164528136 , -0.02299340461  , -0.2652923679   , -0.266351424    , -0.00768359545  , -0.002276698733 , -0.000452907909 , 0.003074380442  , 0.001485201843  , -0.001057164963 , -0.001252340905 , -0.001876117704 , -0.008226624325 , -0.03681229079  , -0.197374935    , -0.0383434879   , -0.003766141729 , 4.044644056e-05 , -0.0002070757649, -0.001409463733 , -0.0001813106761, -0.0005231406836, -0.0007074480304, -0.003307184712 , -0.00655804579  , -0.00838859377  , -0.007825827687 , -0.006598721646 , 0.0004978190883 , -0.001037247237 , -0.0004785231776, 0.0003330547165 , 7.371410897e-05 , -0.0004680050452, -0.0022145451   , -0.001682432874 , -0.003338440586 , -0.003654121714 , -0.003201848647 , -0.004244155413 , -0.0001659368118, 0.0004953683401 , -6.445193706e-05, -0.0008682072072, -0.005635131959 , 0.0003411442286 , -0.001043952363 , -0.001051049239 , -0.00136986643  , -0.0008747194128, -0.0009876795719, -0.002542901066 , -0.0009165753939, -0.001568159972 , -0.001402263572 , -0.0005146358229, 0.0008762586189 , 0.0002205877433 , -0.0009175236554, 0.0006202475746 , 0.002723337467  , -0.001240384219 , 0.0005679355066 , -0.0009433696112
0.02818019219   , 0.02763308155   , 0.007751602019  , 0.001991327619  , -0.001900732184 , -0.001791165058 , -0.001516895604 , -0.002149412659 , -0.001204195796 , -0.001005169416 , 0.0005382101735 , 0.009912084382  , 0.6681457075    , 0.02714290144   , 0.004273085388  , -0.001633640105 , -0.001935635426 , 3.517509702e-05 , 0.0006309295609 , 0.001499073777  , -0.0004514299302, 0.001452450642  , 0.003996878765  , 0.02818157463   , 0.0264016883    , 0.009355007136  , 0.002688864342  , 0.0005695633913 , 0.001005552771  , 0.0009311676372 , 0.001065624709  , 0.001848006377  , 0.002011075256  , 0.001667545001  , 0.007346313568  , 0.02768589366   , 0.003234116236  , 0.002049786207  , 0.001480981763  , -0.0001904903944, 0.001775870755  , -0.0004464470324, -0.0002156245908, 0.002754476784  , 0.002324889839  , 0.003271896552  , 0.004214969597  , 0.008554738209  , 0.001207190178  , 0.00104711939   , 0.001537343057  , -0.001341467192 , -6.212404902e-05, -0.0005655979099, -0.0005446687178, 0.001545586523  , 0.001521045141  , 0.0003316385314 , 0.002306056158  , 0.00437018976   , 0.000714399457  , 0.001269656166  , 0.001136448439  , -0.002519581718 , -0.001223439365 , 8.173008823e-05 , -0.002883960173 , 0.001370564799  , 0.002268203575  , 0.001932826685  , -0.0005840760855, 0.001663853323  , -0.0548334323   , -0.01528451756  , -0.003919589923 , -0.0008786615631, 0.00427571952   , 0.004075243082  , 0.002260294979  , 0.002406014519  , 0.002312709573  , -0.0004948038457, -0.004174954959 , -0.0149560628   , -0.2181022597   , -0.01235364175  , -0.0005138084911, 0.001078143304  , 0.0004094758553 , -0.0005996625808, -0.0006345751838, -0.001101995843 , 0.0007810268906 , -0.001366685952 , -0.01251026628  , -0.219649101    , -0.03696806048  , -0.00771080768  , -0.0004373055004, 0.0005813895685 , -0.0004724766154, -0.0005729132121, 0.0007717574446 , -0.002130491994 , -0.00284219527  , -0.006021765254 , -0.03627948631  , -0.2096593225   , -0.007031435858 , -0.003529454466 , 2.91435358e-05  , -0.0007014805213, -0.001323585107 , 0.001414818707  , -0.002606109397 , -0.0008947585669, -0.002351556242 , -0.003282873173 , -0.01120802415  , -0.008440418435 , -0.0001074956393, -0.0005838356177, -0.001079053574 , 0.001020188295  , 0.0006479709989 , 0.0005317868529 , 0.0006466227435 , -0.002426963027 , -0.003851398578 , -0.001355798792 , -0.004421421896 , -0.002270430255 , -0.001050272558 , 0.0006534878189 , -0.001880173565 , 0.002686204575  , -0.0012431016   , -0.0001058579851, 0.002536141411  , -0.001459160053 , -0.0007029208538, 0.0006246291662 , -0.00092207693  , -0.001006288985 
0.008843548011  , 0.02837700007   , 0.02869312313   , 0.008212843208  , 0.002916564028  , -0.0001076940121, -0.0006317107248, -0.002653360278 , -0.001157602637 , 0.002184804131  , 0.000583059298  , 0.002286891078  , 0.02714290144   , 0.6678874563    , 0.02877601006   , 0.004681425916  , -0.001488112306 , 0.001852960314  , 0.001656782102  , 0.0007041024462 , 0.002007527312  , 0.001825222152  , -0.0003324639167, 0.005022756006  , 0.02649613714   , 0.02549247597   , 0.01058490295   , 0.0005120540879 , 0.000209953638  , -0.0009704341916, 0.0004470992164 , 0.001404592529  , 0.001160860914  , 0.002657395562  , 0.001008536423  , 0.009383406408  , 0.005552488036  , 0.003357069273  , 0.001032405523  , -0.001481200542 , 0.001080049448  , -0.0009449823084, 0.002309365195  , 0.0008641435403 , 0.002424496853  , 0.002483858893  , 0.006287845627  , 0.00488631385   , 2.265117701e-05 , 0.0006242821401 , -0.0002615734085, 0.001966559555  , -0.001301764422 , -0.0009602454042, -0.0001477201561, 0.002304954626  , 0.002113567923  , 0.001842857005  , 0.005113972189  , 0.004508769814  , 0.001212801108  , -0.000557877876 , 0.003905661991  , 0.0003121972296 , -0.002040852922 , 0.001327645193  , 0.003037941309  , 0.001595886344  , 0.0001997889111 , 0.001461398151  , 0.00398744344   , 0.0001125200586 , -0.01535294419  , -0.05181145844  , -0.0160527806   , -0.006617516414 , 0.0006384382805 , -0.0002447337947, -0.0007854197997, 0.004333148718  , -0.0003091579165, 0.0009484790556 , -0.001909077298 , -0.008999558207 , -0.2192353242   , -0.2208102068   , -0.01060192535  , -0.001192023107 , -0.001958547817 , 0.0004641050241 , -0.002021572531 , 0.0003686625007 , -0.003014824781 , -0.0003197830692, -0.001707613754 , -0.009147743987 , -0.2083765169   , -0.03866320101  , -0.005291255356 , -0.000527037745 , -0.001454408312 , 0.0004422247445 , -0.000154915522 , -0.001654956844 , -0.0009436939753, -0.002956963661 , -0.006228383562 , -0.03480150438  , -0.009038726785 , -0.006584473414 , 0.0001086671309 , -0.0001068257038, -0.001109968887 , -0.000899164096 , -0.001244739435 , -0.001206777578 , -0.001589326042 , -0.002350254178 , -0.009484829732 , -0.00902456729  , -0.0001955470349, -0.0007081123081, 0.001702385926  , 0.001150864477  , 0.003241825286  , -0.002603159265 , -0.001590488795 , -0.002259100897 , -0.00218460014  , -0.004217683422 , -0.002914145331 , -0.002798485766 , -3.776047862e-05, -0.001454241899 , -0.003781766138 , 0.0004066661507 , 0.0006695120994 , -0.00102979457  , 0.0003427565975 , -0.001438611797 , -0.0009894526099, -0.001495269288 , -0.001814777142 , 0.0002992390089 
0.005211637806  , 0.007891810973  , 0.0277701222    , 0.02687926371   , 0.009013344432  , 0.002717641005  , -6.870835404e-05, 0.001116968144  , 0.0001780071159 , -0.001320216745 , -0.002284931786 , 0.001921946389  , 0.004273085388  , 0.02877601006   , 0.6675273286    , 0.02737782956   , 0.004184439775  , 0.002911291562  , 2.915787403e-05 , 0.0009033475308 , -0.0003706915141, -8.028996065e-05, -2.277201125e-05, -0.0005573053038, 0.007006271294  , 0.02724524717   , 0.02781931646   , 0.004925617701  , 0.0002914166095 , 0.0006981084978 , 0.001071206802  , -0.0004245711082, -8.250606193e-05, 0.0002766728663 , 0.002174762878  , 0.002261116118  , 0.003488241431  , 0.007328616585  , 0.003668107267  , 0.001745358455  , 0.001957646965  , 0.001164247007  , 0.002755420694  , 0.001718747641  , 6.359392596e-05 , 0.0004834782187 , 0.002369274928  , 0.002049847605  , 0.002234692745  , 0.002450673491  , 0.001019919292  , 0.001313399943  , -0.001027058071 , 0.001356772785  , -0.0008931348664, -0.0007850780765, -0.0004626190614, 0.0007311732612 , 0.002159585516  , 0.002185067426  , 0.003159711052  , -0.0009331166406, 0.0008452650285 , -0.003120095173 , -0.0003912763627, -0.0003654178689, -0.000163822011 , -0.001333810715 , -0.003812743716 , -0.0007047826031, 0.001612367083  , 0.002051810722  , -0.004319231363 , -0.01470400965  , -0.0490484057   , -0.01374202901  , -0.007121785296 , -0.001508742533 , -0.0002075265855, 0.0007850828627 , -3.252356905e-05, 0.001165969929  , 0.0006264912341 , -0.004624782792 , -0.01129885294  , -0.2192203135   , -0.2197866471   , -0.009535502522 , -0.002480241128 , -0.0009860541245, -0.001902175354 , 5.739798377e-05 , 0.0005981040322 , 0.001259817825  , -0.0006564426611, -0.003685828829 , -0.03815532371  , -0.2127594946   , -0.0346440252   , -0.004790124962 , 1.725986129e-05 , -0.001865052214 , -0.0006790636208, -1.628605904e-05, 0.0008910720535 , -0.0003141524095, -0.001431064329 , -0.004967030799 , -0.007764681107 , -0.009979757701 , -0.004775461322 , -0.001360737332 , -0.0004958922722, -0.00115968553  , -0.001871653075 , -0.001007356431 , -0.0007576805496, -0.001250910159 , -0.004338045822 , -0.005134546404 , -0.003553343608 , -0.001656246691 , -0.002034439141 , 0.0002890747118 , -0.0006791120113, -0.002408957899 , 0.000961901653  , 0.0002484510279 , -0.0006425137146, -0.001493986478 , -0.0007378766016, -0.001728876002 , -0.00062750661  , 0.0001284972181 , 0.0006758178404 , 0.0006803506334 , -5.675904108e-05, 0.001256764283  , 0.0002533930699 , 0.002040552325  , 0.001979283201  , -0.002845835647 , -0.0007240614022, -0.001678387728 
