<Sz_i Sz_j >                                      
0.8011844204    , 0.0360680338    , 0.02163254619   , 0.02399701829   , -0.06655373033  , -0.04524795712  , -0.008857603508 , -0.008475182046 , 0.0101149111    , -0.005003324313 , 0.003332046929  , 0.001287551157  , 0.0006670822858 , 0.02046475645   , -0.01988590002  , 0.008914256678  , 0.002948038154  , 0.006075467282  , 0.003174162834  , -0.01087692342  , -0.01015649114  , -0.001988601478 , -0.04062927464  , -0.05806765444  , 0.0001769557568 , -0.138721605    , 0.002404356597  , -0.01459945821  , 0.01315410419   , -0.007059948091 , 0.003182487671  , -0.002813400961 , -0.0005426357029, -0.008285565506 , 0.006048922993  , -0.0004206841235, 0.004957249935  , 0.004611744452  , 0.0006508311348 , 0.03588922183   , 0.002079001495  , -0.01393767263  , 0.01767589094   , 0.01645545259   , 0.003740013166  , -0.01138303548  , -0.1494233915   , -0.006040844284 , -0.004360170997 , 0.01064819652   , 0.03860869269   , 0.004076009396  , 0.002820876874  , -0.004164567776 , 0.01389863909   , -0.0003729246054, 0.01178275249   , -0.01702276951  , -0.006127840636 , -0.01131508904  , -0.0007745079383, 0.0002545858907 , -0.005596966583 , -0.006709702893 , -0.009218492344 , 0.004519085658  , -0.007728905911 , 0.0001124951739 , 0.007993913236  , -0.03091556399  , 0.003806024625  , 0.01386212084   , -0.01467915348  , -0.005700761233 , -0.01825847332  , -0.03098081961  , 0.008829912348  , 0.02046777409   , 0.03950107614   , 0.01415210225   , 0.001288876336  , 0.0374637005    , 0.005953401569  , -0.01644658439  , 0.02610945953   , -0.01519744102  , 0.01813420599   , 0.002702197785  , -0.006379773212 , 0.00341788762   , -0.006577790056 , 0.01428764414   , 0.006127779704  , -0.01498357751  , -0.006629327624 , -0.01190727401  
0.0360680338    , 0.6073989776    , 0.01153169436   , -0.1188674492   , -0.04427257272  , -0.04066641394  , -0.007028072105 , -0.002311598749 , 0.002219484029  , -0.01636628949  , -0.01081218572  , 0.005761340722  , 0.0008646295185 , -0.0002281537753, 0.02037898232   , -0.03107759723  , -0.005203261465 , -0.004587296253 , 0.002025705459  , -0.004171591727 , -0.002380660571 , -0.07278784809  , -0.05298651754  , -0.05117450674  , -0.01909520678  , 0.0008951733528 , -0.01966621664  , 0.02344794118   , 0.006104304158  , 0.007097543182  , 0.004607318874  , 0.02282930125   , -0.009779172762 , -0.01831987442  , -0.008268112965 , -0.007913837438 , -0.003370124939 , 0.0005847280212 , -0.006230999782 , 0.01711194805   , 0.01154099568   , -0.004542166033 , 0.007567021447  , -0.002668042789 , 0.009300271247  , -0.02407931436  , -0.002316159884 , -0.003863037773 , -0.01147858727  , -0.01243442226  , -0.007876871225 , 0.007413878683  , 2.531619543e-05 , -0.01849019796  , -0.003787505702 , 0.002594572491  , -0.01823203346  , -0.004318319424 , 0.01229098187   , 0.003927876332  , -0.01164257245  , 0.002186838586  , 0.0002545193809 , -0.001967453986 , 0.004793176032  , 0.01268319525   , -0.01715733507  , 0.01811418551   , 0.006089216334  , -0.006552867362 , 0.008535206862  , 0.02157414458   , 0.01453352652   , 0.003919653388  , -0.03218730656  , 0.05297099562   , -0.0003190584314, 0.003012026108  , -0.007286109842 , -0.0005649079639, 0.004446676573  , -0.01427940818  , 0.009819920592  , -0.003729087271 , 0.008529606506  , 0.004166977122  , 0.009109963699  , -0.005073232562 , -0.01228064715  , -0.01351565445  , -0.005441841247 , -0.00990037784  , 0.003345813288  , 0.007067055564  , -0.003664749171 , -0.005945819663 
0.02163254619   , 0.01153169436   , 0.5695884046    , -0.05271828436  , -0.05534912651  , -0.0006356512744, -0.01538156007  , -0.02238991948  , 0.003658150567  , -0.003410335739 , 0.007488914997  , -0.005578708591 , 0.003526984726  , -0.002170260002 , 0.0008687579025 , -0.01489014048  , 0.002335074557  , -0.004711290219 , 0.002776828696  , 0.01157006262   , -0.007209026566 , -0.05645115524  , -0.0435507557   , -0.004184016118 , -0.1173825434   , -0.0654691579   , -0.01506449769  , 0.004137386145  , 0.0006459072083 , -0.007009796859 , 0.013763121     , 0.01237729907   , -0.01076493947  , -0.008875468248 , 0.002526076537  , -0.0105143605   , 0.01163306146   , 0.004753328381  , 7.02393823e-05  , 0.001881650937  , -0.005905395762 , -0.003313927162 , 0.02691065957   , 0.01728950922   , 0.0007722513453 , -0.1460564062   , -0.07838680285  , -0.03424224089  , 0.007227601541  , 0.005103234892  , 0.002777934125  , -0.004241866119 , -0.00568384867  , 0.001667092209  , 0.01493800541   , 0.01657090909   , -0.008788718538 , 0.008687550759  , -0.009860654936 , -0.004203812908 , 0.0002117000283 , -0.0113444518   , -0.01333973912  , -0.005435420084 , -0.0009522642252, 0.006716682328  , -0.001070844904 , 0.009433885825  , -0.003530736299 , 0.005356512743  , 0.004748171794  , 0.002886931923  , 0.004955121022  , -0.009266350266 , -0.007373737505 , 0.02113352538   , 0.007162832288  , 0.004089199569  , -0.004005860375 , -0.005841037733 , -0.008397661789 , 0.02574543099   , -0.0003993956162, 0.007945274681  , 0.01121635502   , -0.006045256448 , 0.01046911588   , 0.0005847156429 , 0.004150234565  , 0.001842876033  , 0.0005449807973 , 0.005183391403  , -0.005060857158 , -0.0007135365303, -0.005579133033 , 0.008076087793  
0.02399701829   , -0.1188674492   , -0.05271828436  , 0.8007263205    , -0.01351203725  , 0.006649288366  , 0.05063319665   , -0.09272480528  , -0.06168196258  , 0.009940968393  , 0.02777774586   , -0.02311184948  , 0.008239117836  , -0.01053757667  , -0.01442800796  , -0.01342272843  , -0.01551682675  , 0.009554684694  , 0.02082739343   , 0.01578770713   , 0.0005154426661 , 0.01085916715   , 0.001504603961  , 0.01915774197   , 0.005699652462  , -0.1236919148   , 0.005617092488  , 0.00492342456   , -0.1202782941   , -0.0008855353906, 0.01014049656   , -0.0151529672   , 0.01055760326   , 0.00768707355   , -0.01265917853  , -0.0009880885402, -0.0006575786652, -0.005106118598 , -0.01336303554  , 0.001758662459  , -0.01132976478  , -0.02748885384  , -0.01300852093  , -0.005600080264 , -0.003938610549 , -0.01489239645  , 0.0004019019548 , -0.007918379706 , 0.0008838292497 , -0.007094733232 , -0.006964013432 , -0.007549401205 , -0.009906977115 , -0.01313240368  , 0.0157699358    , -0.003860322202 , 0.02422948472   , 0.008225166208  , 0.00351181622   , -0.008149216075 , 0.03006465433   , -0.0003548751301, 0.002450172145  , -0.006704042475 , -0.000569311434 , -0.00423029479  , 0.002751489645  , 0.006026605509  , -0.02422684632  , 0.005472819274  , 0.0254329478    , -0.008154666253 , -0.02589791078  , -0.01234113712  , 0.01573915441   , -0.04068117468  , 0.003508453257  , 0.01147309566   , -0.01481716102  , 0.01303212444   , 0.02014488949   , 0.007047092907  , -0.01431000259  , 0.0007854535761 , 0.01108764701   , -0.005197996621 , -0.00108352115  , 0.002813524126  , 0.01096058542   , -0.01110235461  , 0.02865931762   , 0.001682664983  , 0.009670790611  , -0.01299858598  , 0.01819164512   , 0.005714756541  
-0.06655373033  , -0.04427257272  , -0.05534912651  , -0.01351203725  , 0.5905319137    , 0.0002183192153 , -0.06642862776  , -0.03372511466  , -0.03211734494  , -0.03080232745  , -0.004655411373 , 0.01292734521   , -0.0007486006414, 0.01181158516   , -0.007915951857 , 0.01798343658   , 0.0216313288    , -0.0008757941579, -0.001521857837 , -0.01067897952  , -0.01439748835  , 0.01022928261   , 0.005132865401  , -0.0009238509407, -0.02801210476  , 0.01083472437   , -0.0309304523   , -0.01303884048  , 0.01709710282   , -0.02323172531  , -0.009100328391 , 0.006161768028  , -0.002176964326 , 0.0094864618    , 0.005135043128  , 0.02478750742   , -0.01614553988  , -0.002498866117 , 0.0007237031145 , -0.02863278911  , 0.00422806105   , -0.001513758745 , 0.002060240228  , 0.009509074493  , -0.01196323893  , 0.009451306118  , 0.006648995868  , 0.01205287687   , 0.02029933974   , -0.004159118962 , -0.001189375775 , 0.01083552957   , -0.002979024053 , 0.01682982287   , -0.008830861694 , -0.006948788018 , 0.0124132729    , -0.02765981829  , -6.047941205e-05, -0.0005633358604, 0.0002132579507 , 0.02163136336   , -0.003006400446 , -0.01783772031  , 0.01009864138   , 0.0103121261    , 0.00637199293   , 0.0006794522428 , 0.004545825369  , -0.008806853443 , 0.007457285789  , -0.01383898636  , -0.001851105092 , -0.004496382844 , -0.008749971179 , -0.02146757277  , -0.006942770732 , -0.01559359976  , 0.01399631374   , -0.003242963487 , 0.02440375178   , -0.02071025274  , 0.01384579645   , 0.005638495799  , -0.01095171767  , -0.003434584005 , -0.007764359263 , 0.01300498459   , -0.01041927195  , 0.01339518865   , 0.02624185417   , 0.004528216322  , 0.01995097988   , -0.008831794945 , 0.0004392041818 , -0.03689384644  
-0.04524795712  , -0.04066641394  , -0.0006356512744, 0.006649288366  , 0.0002183192153 , 0.5666332722    , -0.04726085936  , -0.04346672465  , 0.003515582214  , 0.01103602255   , -0.02007626064  , -0.007963526763 , -0.004012478578 , -0.01589310986  , -0.005413077848 , 0.005645337668  , 0.001253457116  , 0.000505866954  , -0.0164332406   , 0.004445351963  , -0.006314455807 , -0.0004329558597, 0.005676396382  , 0.0001254197806 , -0.1258837294   , -0.06711797562  , -0.008692116976 , -0.1502042524   , -0.07621686664  , -0.02150206894  , 0.0149220457    , -0.006984895613 , 0.01085509519   , 0.0066325836    , 0.001037324295  , -0.007907593089 , 0.01204924525   , 0.007194458097  , -0.005031682054 , -0.008453575612 , -0.003312007717 , -0.001191534706 , 0.004979234794  , 0.005040848399  , -0.01628929835  , 0.01805563614   , 0.01181634166   , 0.005544311587  , 0.003190720757  , 0.0111765332    , 0.007546774885  , 9.661449689e-05 , 0.003532554234  , 0.009716092499  , 0.001192267422  , 0.007022205514  , 0.007496541374  , -0.008838111314 , -0.003318622589 , -0.0008349861972, 0.000311323452  , 0.002686390429  , -0.002526574304 , 0.0247397887    , 0.006278277413  , -0.007237263553 , 0.002124714861  , -0.004211090789 , -0.01075798191  , 0.001011172568  , -0.005196454518 , 0.003522502705  , -0.002391435495 , -0.01088276172  , 0.01444600399   , -0.007626996572 , -0.0006682587131, -0.001884257263 , -0.0172313338   , 0.009817466718  , -0.006796518056 , -0.012139135    , -0.0004481991684, -0.008151316523 , -0.006259121629 , -0.00956543346  , -0.005700424473 , 0.01428861037   , -0.003867256332 , -0.003044791267 , 0.005315797919  , 0.006718573968  , -0.001254514431 , -0.003543200282 , -0.01095358627  , 0.001917353157  
-0.008857603508 , -0.007028072105 , -0.01538156007  , 0.05063319665   , -0.06642862776  , -0.04726085936  , 0.7926125626    , 0.009150865857  , 0.007431810319  , 0.05333485235   , -0.06938357689  , -0.06838704584  , 0.01065000556   , -0.03888895614  , -0.02089919322  , -0.02391239603  , -0.02267876274  , -0.02005017109  , 0.0259756975    , 0.001688660909  , 0.009960766069  , -0.00738718287  , 0.007548849902  , -0.009564240531 , 0.02495077209   , -0.00581948763  , -0.002677926856 , -0.02391052676  , -0.1309564684   , -0.003384479379 , 0.00472558169   , -0.1408941142   , 0.002115108868  , 0.03713151221   , 0.003785213246  , -0.008272064408 , 0.01886624002   , 0.01238031232   , -0.004739106593 , 0.02651765765   , -0.004681551087 , 0.01023482777   , 0.00126038317   , -0.0140597547   , 0.002271461227  , 0.005352322544  , 0.004594161946  , 0.000940994821  , 0.004189541042  , 0.001723492768  , -0.01569982289  , 0.006746603476  , 0.00724955632   , -0.02351827368  , 0.01790388742   , -0.01053279388  , -0.002785063945 , -0.0003038744903, -0.003913705857 , 0.001098332097  , 0.005568454696  , -0.00531869788  , 0.002703202009  , -0.005783455835 , 0.003287249893  , 0.0181282274    , -0.005548818038 , -0.0193732689   , -0.005735248637 , 0.02789432278   , 0.009670953631  , 0.000936192549  , -0.01403921761  , 0.005137269913  , -0.005809996719 , -0.01913228917  , -0.0002631225399, -0.008853667407 , 0.01344631142   , 0.006656157672  , 0.005651613466  , 0.0009293310549 , 0.003532436594  , -0.01921107813  , 0.02101859349   , -0.003334341395 , -0.01807434654  , 0.01731734714   , -0.00357988971  , -0.0201044937   , 0.003247466035  , -0.003296339718 , -0.03463726369  , 0.0324969541    , 0.0006221888075 , 0.01949218816   
-0.008475182046 , -0.002311598749 , -0.02238991948  , -0.09272480528  , -0.03372511466  , -0.04346672465  , 0.009150865857  , 0.5936185899    , 0.01541752146   , -0.05557627613  , -0.05270162568  , -0.04009113548  , 0.02238052025   , 0.006098134544  , 0.009941097475  , -0.01314886934  , -0.007991236822 , -0.0004498117479, 0.01574207427   , -0.005715572443 , 0.007836127102  , 0.003047804122  , -0.004252830195 , 0.003161419466  , 0.01419592787   , 0.01875773543   , 0.02307267986   , -0.01921819862  , -0.00787725302  , -0.02551433563  , -0.04714338731  , 0.003927449707  , -0.02405939381  , -0.01196156545  , -0.004203351838 , -0.01217376845  , -0.00337411928  , 0.005470186243  , 0.006971225236  , -0.01141000942  , -0.01061533206  , -0.007422434255 , -0.02010965905  , -0.004735580266 , 0.002011137847  , -0.008975382258 , 0.01115528858   , 2.535206796e-05 , -0.005656670778 , -0.01756265103  , 0.02035326898   , 0.01302218117   , 0.01263961078   , 0.005422382876  , 0.01456532886   , 0.006814636458  , -0.01194813663  , 0.006002059292  , -0.003691854481 , -0.007483395376 , 0.0187725811    , 0.004232957114  , 0.001449632057  , -0.01329722335  , 0.005851426999  , -0.0004303873847, -0.002706500924 , 0.005756718238  , 0.01507676859   , -0.001132774769 , 0.001941209011  , -0.01188930122  , 0.01508555632   , -0.01040045132  , 0.01264361816   , -0.008606808037 , -0.000957013833 , 0.0006548207878 , -0.0006248867519, 0.008042790819  , -0.0007370029125, -0.001953904425 , 0.004967095685  , -0.002258380934 , -0.00513040158  , -0.004685793022 , -0.008192513829 , 0.01072723314   , 0.01554381386   , 0.002229599616  , -0.01808379835  , 0.001271367933  , -0.004595512199 , -0.003972448515 , -0.001473071705 , -0.005761772256 
0.0101149111    , 0.002219484029  , 0.003658150567  , -0.06168196258  , -0.03211734494  , 0.003515582214  , 0.007431810319  , 0.01541752146   , 0.5654339436    , -0.06987208817  , -0.04950858065  , 0.01437894506   , 0.001327354529  , -0.002375449923 , 0.02483224284   , -0.01098594061  , 0.01545768742   , -0.01623174777  , 0.01788995202   , 0.01831799345   , -0.005784186767 , -0.01822693843  , 0.0001481194347 , -0.001982214097 , 0.002787927532  , 0.004396873756  , 0.005015721516  , -0.1233105135   , -0.08377738605  , 0.00131164952   , -0.1390034229   , -0.0534529564   , -0.03308789527  , -0.01508628635  , -0.006099168621 , 0.001140463779  , 0.005579570065  , 0.0002001257038 , -0.0007310280791, 0.006582943129  , -0.0002191210387, 0.0008388106362 , 0.008645732935  , -0.004318921635 , 0.001448983457  , -0.0135173611   , 0.001989713579  , -0.001477446421 , 0.005376173061  , 0.003802061085  , -0.003030129118 , 0.01143185106   , 0.01092812222   , -0.01140170292  , 0.00832187696   , 0.01985737315   , -0.02476399461  , 0.01277147424   , -0.002688530101 , -0.001121852168 , -0.005745454638 , 0.007666855314  , -0.002184101445 , 0.00934180113   , -0.01127413732  , -0.006407653112 , -0.004632755541 , 0.001378950283  , -0.003472536385 , -0.009032409412 , 0.01268625114   , 0.006650287577  , 0.007335946255  , 0.002010527702  , 0.01274513545   , 0.004775901522  , -0.00138016354  , 4.620340319e-05 , 0.0134693932    , 0.004128959183  , -0.01931484704  , 0.006044610274  , -0.01577573921  , 0.005521497679  , 0.01317496914   , 0.004650468508  , -0.01573264128  , 0.0175517605    , -0.002039841123 , -0.0143072264   , -0.001844962148 , 0.005710948048  , -0.002794962685 , -0.02216753302  , -0.002076584069 , -0.001695954428 
-0.005003324313 , -0.01636628949  , -0.003410335739 , 0.009940968393  , -0.03080232745  , 0.01103602255   , 0.05333485235   , -0.05557627613  , -0.06987208817  , 0.8004876691    , 0.01861765293   , 0.02520267622   , -0.006628849386 , -0.08929814856  , -0.07167660229  , -0.01814500703  , -0.01950598211  , 0.002954678909  , 0.009943952802  , 0.007357149918  , -0.001796555508 , 0.04142423476   , -0.01290700862  , 0.006844145414  , -0.002673923371 , -0.0007096298576, -0.006722986386 , 0.004281675368  , -0.01930932881  , 0.01798972791   , -0.01460275863  , -0.1496948054   , 0.04166003465   , -0.01591086947  , -0.1383334339   , 0.0002104066422 , 0.01861339253   , 0.01910936705   , 0.01435682445   , 0.01849119068   , -0.002008933138 , -0.01487980237  , -0.00460286289  , -0.009385865802 , -0.002652314651 , 0.007807143337  , 0.01305181874   , -0.00686698277  , -0.01262807615  , 0.009824509656  , -0.003121637111 , -0.0002675825088, -0.01388187007  , 0.01049670727   , -0.01116778594  , -0.01168255525  , 0.006252356674  , -0.01522932352  , 0.004484056555  , 0.01312623714   , -0.01207401462  , 0.001650626921  , -0.0003306670053, -0.003898208246 , 0.005734919313  , 0.005950524041  , 0.01713866158   , 0.004681617073  , -0.0002301044371, 0.0408386465    , -0.01151742357  , -0.007328748457 , -0.0007472329627, -0.004315743594 , -0.0342462749   , -0.01084665824  , -0.002429455888 , -0.006476227964 , -0.02252317387  , -0.009041451683 , 0.01765620687   , 0.02669823602   , 0.003444370876  , 0.01675529006   , -0.006789515289 , 0.004701980049  , -0.01072590289  , -0.008058923301 , 0.004200950583  , -0.003515402396 , -0.0246819772   , -0.0122824054   , -0.001578789017 , 0.04492009514   , -0.002678510198 , 0.02494886425   
0.003332046929  , -0.01081218572  , 0.007488914997  , 0.02777774586   , -0.004655411373 , -0.02007626064  , -0.06938357689  , -0.05270162568  , -0.04950858065  , 0.01861765293   , 0.6012141255    , 0.01163961251   , -0.07235781909  , -0.03574608261  , -0.04317682229  , 0.01502475881   , 0.01381713052   , 0.001345687535  , 0.006352769383  , 0.0109810817    , -0.008689195565 , -0.02111973674  , -0.02099226686  , 0.001952515776  , 0.0217698296    , -0.007746860932 , -0.001926568012 , 0.005905116903  , -0.009556669985 , 0.006963057604  , -0.01689083888  , 0.009193233402  , -0.0196710955   , -0.006793918386 , 0.01337872195   , -0.02310359798  , -0.007753644859 , -0.0001074667902, -0.002872744205 , -0.0005878639222, 0.004196372204  , 0.002533826446  , 0.001872774609  , 0.0231500046    , 0.01346728879   , -0.005232107326 , -0.002638475217 , -0.002697864561 , -0.01788693037  , 0.009429072475  , -9.028601195e-05, -0.01400893868  , -0.008683574559 , 0.007447839572  , 0.006375424104  , -0.0009972220563, 0.002746399105  , 0.004386206283  , 0.002571615412  , -1.654365818e-05, 0.01306589023   , 0.01084753272   , 2.671451583e-05 , 0.003363956748  , -0.002408790679 , 0.002814487639  , -0.01867542524  , -0.01005625259  , 0.009437849705  , -0.006721976322 , 0.007885412343  , 0.006345415771  , 0.02087563637   , 0.002153630635  , 0.009773266072  , 0.006883941735  , 0.009666398248  , -0.01237013474  , 0.009279978067  , -0.002964387258 , 0.02212155312   , -0.007228001964 , -0.007904510567 , 0.001958938701  , -0.01328388437  , 0.00642318989   , -0.0009338250984, 0.01411834873   , -0.008115271209 , -0.008137060551 , -0.00735105718  , -0.007704349218 , 0.01697191837   , -0.002956914194 , 0.0009615547907 , -0.00591471376  
0.001287551157  , 0.005761340722  , -0.005578708591 , -0.02311184948  , 0.01292734521   , -0.007963526763 , -0.06838704584  , -0.04009113548  , 0.01437894506   , 0.02520267622   , 0.01163961251   , 0.5732598977    , -0.07374818957  , -0.05111253244  , -0.007749890137 , 0.004134623725  , 0.006562892962  , -0.003814308524 , -0.002750161537 , -0.007451279615 , -0.01172598403  , -0.003502532223 , 0.01430190163   , -0.006106870173 , -0.002719102639 , 0.005765324505  , 0.003767508425  , 0.02320430457   , 0.01893420302   , 0.01373038415   , -0.1373162826   , -0.06947130433  , -0.01629751635  , -0.1312205616   , -0.07583613225  , 0.0001045509835 , 0.01420539232   , 0.002468990425  , 0.01934039394   , 0.01435186922   , 0.01117834204   , 0.001326993004  , 0.008880619354  , -0.005515460578 , 0.00475864732   , -0.006873748852 , 0.009646087674  , -0.008489916407 , 0.007953809422  , 0.0004993668095 , 0.01170985243   , -0.007851486654 , -0.004025640228 , -0.0001596714648, 0.01178581171   , 0.007943164281  , -0.008275462775 , -0.01945486913  , 0.00276133484   , -0.01296566941  , -0.01063658241  , -0.007664559474 , 0.0003856978936 , 0.01130213182   , -0.003532826553 , 0.004332184094  , 0.009296916436  , -0.004570573316 , -0.006829424589 , 0.01129817539   , -0.009035335988 , -0.004904242601 , -0.002914245976 , -0.006497234345 , -0.00614248146  , 0.006746433393  , 0.007673540135  , -0.006007440568 , 0.003442644568  , -0.002112646897 , 0.004423830243  , 0.005731292594  , 0.001030021572  , 0.012472693     , 0.01119025675   , -0.009816775312 , 0.01672941356   , -0.0190959358   , -0.005849003272 , -0.0008346292788, 0.01439584738   , 0.003314161253  , -0.000246633381 , -0.01393469165  , -0.003653658203 , -0.001046593389 
0.0006670822858 , 0.0008646295185 , 0.003526984726  , 0.008239117836  , -0.0007486006414, -0.004012478578 , 0.01065000556   , 0.02238052025   , 0.001327354529  , -0.006628849386 , -0.07235781909  , -0.07374818957  , 0.7951930757    , 0.01993150514   , 0.003989960357  , 0.01962525521   , -0.06343928506  , -0.04852631767  , -0.03174456968  , 0.01289093575   , 0.01866310536   , 0.008880442817  , -0.001053582789 , 0.01280672211   , 0.007561509611  , 0.005512022747  , 0.008457175465  , 0.000762740785  , -0.006844636807 , 0.006299443132  , 0.01756568119   , -0.004882696377 , 0.005305323826  , 0.01600805483   , -0.1305835221   , -0.02224872796  , -0.0026178652   , -0.150213148    , 0.01058572532   , -0.001091267732 , 0.01397866428   , -0.002901953518 , -0.01566826173  , 0.005084809795  , -0.006344808525 , 0.006789034006  , 0.009333835189  , -0.003626281226 , -0.04393948848  , 0.002226162543  , -0.009331971907 , 0.01443422538   , 0.005405292855  , 0.009085945309  , 0.0037406966    , 0.004724261222  , -0.008801042551 , -0.001509463113 , -0.006891964893 , -0.002779667802 , 0.006041354974  , 0.007604327967  , -0.005321481636 , 0.005330887065  , 0.004883353575  , -0.01080826664  , 0.01778590761   , -0.002254224852 , 0.004450155709  , -0.01032235426  , -0.006916804544 , 0.00335065467   , -0.02365519379  , -0.007243306831 , -0.002968256682 , 0.0004215669166 , 0.01880744289   , 0.00375945153   , -0.02937108235  , 0.007665059019  , -0.008002381845 , 0.0297833981    , 0.004491479802  , 0.007015565046  , 0.002473451224  , 0.006550980017  , -0.006695153011 , -0.006862236094 , -0.009885544738 , -0.007511329907 , 0.003499951063  , -0.004297640915 , -0.0182339377   , 0.0107516776    , 0.01976781827   , 0.004300170733  
0.02046475645   , -0.0002281537753, -0.002170260002 , -0.01053757667  , 0.01181158516   , -0.01589310986  , -0.03888895614  , 0.006098134544  , -0.002375449923 , -0.08929814856  , -0.03574608261  , -0.05111253244  , 0.01993150514   , 0.5938181416    , 0.02323214694   , -0.06559497582  , -0.03846814511  , -0.04257073373  , -0.005474401222 , -0.004128300061 , -0.005401030292 , -0.0009824361267, -0.00671171511  , -0.0002271396515, -0.02670378693  , -0.001065325984 , -0.00509764448  , 0.01309122958   , 0.007858260713  , 0.005868159658  , 0.02270915184   , 0.02572515546   , 0.005901722863  , -0.06213431444  , 0.01235514262   , -0.02269272148  , -0.03474364523  , 0.01974772042   , -0.03183018954  , -0.007720056671 , 0.009166729839  , 0.01006401739   , 0.02170192483   , 0.001816192115  , -0.003725087867 , -0.002241628123 , 0.003411444034  , 0.0004338808903 , -0.005976687245 , -0.002111837761 , 0.002929005409  , 0.004030782334  , -0.01367723789  , 0.004776290583  , -0.006743173589 , 0.01221047515   , -0.01052523435  , 0.01567693292   , 0.01605684146   , 0.002364841672  , -0.005421246375 , 0.0256235405    , -0.0003843467635, -0.02667197399  , -0.01087447528  , -0.003559685898 , 0.01331786081   , -0.00332590729  , -0.002199822008 , -0.003867546501 , 0.02693611878   , -0.002032867652 , -0.02034394858  , -0.0001350289959, 0.001727263052  , -0.01920544085  , 0.001081507415  , 0.006343133082  , -0.003482340419 , 0.01292591652   , 0.009375501397  , -0.003081312312 , 0.002321139654  , -0.008479237726 , 0.03392554193   , 0.002330728138  , -0.00624746581  , -0.007325249891 , -0.0005087379725, -0.03056572259  , 0.005874938779  , 0.00610051034   , -0.0118141709   , 0.0264684709    , -0.007847126737 , 0.01463939158   
-0.01988590002  , 0.02037898232   , 0.0008687579025 , -0.01442800796  , -0.007915951857 , -0.005413077848 , -0.02089919322  , 0.009941097475  , 0.02483224284   , -0.07167660229  , -0.04317682229  , -0.007749890137 , 0.003989960357  , 0.02323214694   , 0.565076505     , -0.04819725421  , -0.03689087092  , -0.0003638997876, -0.009683998607 , -0.006805913544 , -0.00490032026  , 0.01410015703   , -0.01420627938  , -0.009447950976 , -0.008904261958 , 0.002167612247  , 0.000265138911  , -0.00142086916  , -0.00259012976  , -0.0002517691964, 0.004450551792  , 0.02671081947   , -0.009115390759 , -0.1165379381   , -0.06467636297  , -0.01833431007  , -0.1357316506   , -0.08167872586  , -0.02057166896  , -0.000560731757 , 0.01302436818   , 0.00487406993   , 0.00704136631   , 0.003959154234  , 0.001973679134  , 0.01648535641   , 0.00538366071   , 0.0004522876464 , -0.005105784742 , -0.005224620609 , -0.00698151601  , 0.00164998951   , 0.000149321165  , -0.001943127784 , -0.002897331545 , 0.005267172752  , -0.008532523591 , 0.01516695106   , 0.01930395825   , -0.01357528906  , 0.005024031382  , 0.003973371151  , 0.01485314164   , 0.006787701079  , -0.002050645563 , -0.01127322426  , 0.002644435173  , -0.009264433689 , -0.001399378042 , -0.005796779209 , 0.008025671625  , -0.001365908667 , 0.0043711211    , 0.001359396713  , 0.003018412837  , 0.000557024101  , -0.005602616483 , 0.009793150553  , 0.01348690937   , 0.01347125349   , 0.0008169321662 , -0.005614748142 , -0.002042238814 , -0.001008498735 , -0.002611944154 , -0.01235268019  , 0.0008455697081 , -0.002318572087 , 0.01351871113   , -0.007829430918 , -0.005132696953 , -0.00385250095  , -0.01173616106  , 0.006736836132  , 0.007921045237  , -0.004252932613 
0.008914256678  , -0.03107759723  , -0.01489014048  , -0.01342272843  , 0.01798343658   , 0.005645337668  , -0.02391239603  , -0.01314886934  , -0.01098594061  , -0.01814500703  , 0.01502475881   , 0.004134623725  , 0.01962525521   , -0.06559497582  , -0.04819725421  , 0.7940276835    , 0.01145349502   , 0.01111703489   , 0.02782559855   , -0.0782065695   , -0.07733742611  , -0.04313876251  , 0.0155784568    , -0.01881915306  , -0.04052675456  , 0.001987037021  , 0.003059424868  , 0.006174989553  , 0.01642680778   , -0.007169755422 , -0.001165639315 , 0.002599105951  , 0.01582513588   , 0.01797939294   , -0.005874547163 , 0.005647298599  , -0.03877199786  , -0.1508910769   , 0.002467885642  , 0.00964300064   , -0.1307654263   , 0.004970865269  , 0.009774706277  , 0.02458836048   , 0.009122504665  , -0.003279971318 , 0.01615578093   , 0.01939140926   , -0.006048120762 , 0.02375622251   , -0.001288694987 , -0.01450955739  , 0.007157330604  , -0.01591072308  , -0.0239064751   , -0.00934472774  , -0.007000275281 , 0.02628225701   , 0.02200035346   , 0.004734569294  , -0.0005535310572, -0.0009025442752, -0.003872619859 , 0.02394754174   , -0.00594879102  , -0.004319344498 , 0.007935409972  , -0.003129203184 , -0.0003244289686, 8.519008774e-05 , -0.002700652292 , -0.01034431661  , -0.008435295667 , 0.006247255222  , -0.009898023064 , 0.007489696452  , 0.01681992474   , -0.01096689626  , 0.004418561481  , 0.0009955414339 , -0.00604117148  , -0.006749904778 , -0.01487279578  , -0.0119124684   , 0.007133860202  , -0.007942776872 , 0.008874389613  , -0.03531492081  , -0.02024112739  , -0.002963929958 , 0.03313193329   , -0.01345082216  , 0.001371439654  , 0.02604872183   , 0.007078785401  , -0.003965206411 
0.002948038154  , -0.005203261465 , 0.002335074557  , -0.01551682675  , 0.0216313288    , 0.001253457116  , -0.02267876274  , -0.007991236822 , 0.01545768742   , -0.01950598211  , 0.01381713052   , 0.006562892962  , -0.06343928506  , -0.03846814511  , -0.03689087092  , 0.01145349502   , 0.5986815806    , 0.001324242044  , -0.08626094625  , -0.03722029923  , -0.0332595723   , -0.01055047318  , 0.01107067428   , 0.02718745525   , -0.007293971871 , 0.000847454819  , 0.0008843124495 , 0.009604731301  , -0.01622226606  , -0.01865295665  , 0.007893463026  , -0.002327525349 , -0.008711689668 , -0.0003328698633, 0.01876583578   , 0.003487206447  , -0.0221147792   , 0.009035378995  , -0.02574861889  , -0.01058053847  , -0.004386773553 , -0.01992515168  , -0.008952788638 , 0.009244373291  , 0.001226208184  , -0.01744164661  , -0.001950591809 , -0.01094567066  , 0.01120230234   , 0.001173059676  , 0.02889754217   , 0.02564481726   , 0.002261373697  , 0.001181474557  , -0.01028019604  , -0.005775647247 , -0.008664203586 , 0.006286189636  , 0.02009687747   , -0.007747571255 , 0.0006138315749 , -0.00901408783  , 3.80577175e-05  , 0.008195669358  , -0.008268850973 , 0.01009480085   , -0.0006792441625, 0.0139570486    , 0.006782613291  , -0.01607873934  , 0.007960089998  , -0.004973452185 , -0.01579632414  , -0.0178654929   , 0.0191687959    , -0.000234894843 , 0.01895991931   , 0.007199349055  , -0.001782312287 , 0.001864518855  , 0.007844562768  , -0.01650356615  , 0.000119183061  , 0.003411276388  , -0.01958049145  , -0.007171906241 , -0.008582581108 , 0.02578028958   , -0.0003542502631, -0.006685335438 , -0.005044162103 , 0.002273428932  , -0.005951683342 , -0.003517355331 , -0.009813005423 , -0.01641490834  
0.006075467282  , -0.004587296253 , -0.004711290219 , 0.009554684694  , -0.0008757941579, 0.000505866954  , -0.02005017109  , -0.0004498117479, -0.01623174777  , 0.002954678909  , 0.001345687535  , -0.003814308524 , -0.04852631767  , -0.04257073373  , -0.0003638997876, 0.01111703489   , 0.001324242044  , 0.5754145852    , -0.04942279362  , -0.0671431942   , 0.0129529377    , -0.001702148827 , -0.006400746421 , 0.01164227471   , 0.00428822067   , -0.007423613097 , -0.01272541048  , 0.001678513835  , 0.008200155425  , 0.0022501463    , 0.01589639287   , -0.00577230247  , 0.002348575366  , 0.009303079156  , 0.004140787552  , -0.00103838297  , -0.1350070513   , -0.06942156462  , -0.02279426676  , -0.1448226449   , -0.09003333342  , -0.02718216016  , 0.01952218241   , 0.002380343261  , 0.003206196437  , 0.003440351635  , 0.00562131385   , 0.007529226221  , -0.001421226957 , -0.00214708708  , -0.007377550422 , 0.0154202694    , -0.006189040562 , 0.01125417793   , -0.01695371449  , -0.0004636300968, 0.01006911629   , 0.006381314778  , 0.01812977521   , -0.005971467874 , 0.003386523575  , 0.008422908577  , -0.003157928578 , -0.01381686578  , 0.009482783742  , 0.003220590086  , -0.01296715869  , -0.003150951009 , 3.316721804e-05 , -0.01060070141  , -0.001574014902 , 0.007835176348  , 0.008321297135  , -2.320938077e-05, 0.008088104308  , 0.001613789592  , -0.002198930387 , -0.002535425663 , 0.001427674589  , 0.005952051383  , 0.009118960735  , -0.0208608765   , 0.01467533947   , 0.0005415677121 , -0.01278434987  , -0.002511815142 , 0.0006656247358 , 0.01859197882   , 0.007708648889  , -0.000873376513 , 0.02274542041   , -0.00242991331  , -0.0006584340185, 0.005539727932  , -0.008547756379 , -0.01654375963  
0.003174162834  , 0.002025705459  , 0.002776828696  , 0.02082739343   , -0.001521857837 , -0.0164332406   , 0.0259756975    , 0.01574207427   , 0.01788995202   , 0.009943952802  , 0.006352769383  , -0.002750161537 , -0.03174456968  , -0.005474401222 , -0.009683998607 , 0.02782559855   , -0.08626094625  , -0.04942279362  , 0.799560804     , 0.003825241191  , 0.04065851376   , -0.02732773909  , -0.09730474625  , -0.08350245151  , 0.01538202585   , -0.001907375654 , 0.002111861139  , -0.0006355029152, -0.006304669753 , 0.002749118948  , -0.02807941863  , -0.0131782724   , 0.007281624988  , 0.01475422718   , 0.01723079795   , 0.00518371349   , -0.009940496455 , -0.006670412652 , 0.01539304588   , -0.002934504808 , -0.1423431859   , -0.008268426259 , -0.01817508305  , -0.1244028043   , 0.00238560454   , -0.01831456892  , 0.0144888356    , 0.01077425692   , 0.001623417679  , -0.01410608361  , -0.003153624918 , -0.0004742977476, 0.007790846672  , 0.003451287508  , -0.003046252668 , -0.009427859315 , -9.908616996e-05, -0.01901376311  , -0.01962944384  , 0.000183820544  , 0.0148656404    , -0.0006271541644, -0.02038606607  , 0.02920077649   , 0.01663942656   , 0.001660589843  , -0.009912086753 , 0.00964420314   , -0.005691249949 , -0.009317258468 , 0.004337763266  , 0.0009957142301 , 0.005939963323  , 0.006486964447  , -0.001987222557 , 0.01929241135   , 0.0005825414427 , 0.01747891202   , -0.01643824385  , -0.0048078302   , 0.01102679383   , 0.01141288126   , 0.02035221588   , 0.02241993636   , -0.01933579054  , -0.009603609526 , -0.01362178737  , -0.002388207052 , -0.002170710498 , 0.00594873825   , 0.01683231388   , 0.01659384611   , -0.03119096456  , -0.02041944498  , -0.002767055233 , 0.002709562859  
-0.01087692342  , -0.004171591727 , 0.01157006262   , 0.01578770713   , -0.01067897952  , 0.004445351963  , 0.001688660909  , -0.005715572443 , 0.01831799345   , 0.007357149918  , 0.0109810817    , -0.007451279615 , 0.01289093575   , -0.004128300061 , -0.006805913544 , -0.0782065695   , -0.03722029923  , -0.0671431942   , 0.003825241191  , 0.5909375898    , 0.007490025992  , -0.09196320016  , -0.03237037768  , -0.04945745996  , 0.003860993207  , 0.009410545667  , -0.0002185807239, -0.006910053733 , -0.004145827026 , 0.001918262709  , -0.02451509765  , -0.0004071617171, -0.006564211281 , 0.008360068734  , -0.006554767142 , 0.0002767970187 , 0.005151278236  , -0.004467141704 , 0.0188958395    , -0.005690291573 , 0.01751322277   , -0.01784192761  , -0.04959535953  , 0.01137088617   , -0.01992206331  , -0.009841830921 , 0.01787332075   , -0.001828578363 , -0.0006884803273, -0.008316146862 , 0.001485948924  , 0.002776597182  , 0.007528839314  , 0.003442052001  , 0.01482385323   , 0.007675737261  , 0.002099275518  , -0.002015962808 , -0.0003652701922, 0.01286124105   , -0.01441028736  , -0.007657866708 , -0.00234545502  , -0.008917250528 , 0.005808610286  , -0.007384628872 , -0.005793452319 , 0.01375650689   , 0.00812155541   , -0.013431907    , 0.01084231617   , -0.001479595964 , 0.001283339147  , 0.00237786233   , -0.001853346215 , -0.01931438799  , -0.005208064863 , -0.001815806592 , -0.01189242837  , 0.002146388086  , 0.01757716587   , -0.003688037947 , -0.005593597646 , -0.01093735499  , 0.01744969051   , 0.01935413704   , -0.009739401735 , 0.009035634009  , -0.004116160068 , -0.02148657776  , -0.01980904127  , 0.009984338076  , -0.00882861107  , 0.009670996834  , -0.0007778821261, 0.0102395837    
-0.01015649114  , -0.002380660571 , -0.007209026566 , 0.0005154426661 , -0.01439748835  , -0.006314455807 , 0.009960766069  , 0.007836127102  , -0.005784186767 , -0.001796555508 , -0.008689195565 , -0.01172598403  , 0.01866310536   , -0.005401030292 , -0.00490032026  , -0.07733742611  , -0.0332595723   , 0.0129529377    , 0.04065851376   , 0.007490025992  , 0.5724676179    , -0.07179532317  , -0.05089995927  , -0.007195818578 , 0.01762135083   , -0.006124849038 , 0.002317816396  , 0.01602707429   , 0.00537108546   , -0.002304862965 , -0.01485730512  , 0.004190895846  , -0.001062759807 , 0.004243364916  , 0.002744811488  , -0.001456731959 , 0.01859428353   , 0.02032377575   , 0.01147031962   , -0.1464826637   , -0.09188961624  , -0.02452767482  , -0.1183591796   , -0.07522269209  , -0.02550684672  , 0.007267779218  , 0.01305080579   , 0.0009705219406 , -0.004144870682 , -0.0124854554   , -0.002082814636 , 0.000167068728  , 0.01333173492   , -0.00148759871  , -0.002171720361 , 0.007975237821  , 0.004614408348  , -0.004576270121 , -0.00371566717  , 0.002162220012  , -0.01623630737  , 0.007767919771  , 0.001832964366  , 0.008594978091  , 0.03271588103   , 0.003765576778  , -0.0123863697   , 0.00510431898   , -0.006864185779 , -0.01220505359  , 0.005440414033  , -0.001527826332 , -0.001684996777 , -0.005116154982 , -0.002088214185 , 0.003912553449  , -0.007589999492 , 0.01243694622   , -0.01001176148  , -0.01175751394  , -0.00162346369  , -0.008954537575 , 0.008916483941  , -0.01482131442  , -0.009897454345 , 0.007037210236  , -0.002814290313 , 0.002696368559  , -0.01081452106  , 0.006082293908  , 0.008807755062  , 0.01405722956   , 0.004966020864  , 0.001348775835  , 0.00384426013   , -0.00743247172  
-0.001988601478 , -0.07278784809  , -0.05645115524  , 0.01085916715   , 0.01022928261   , -0.0004329558597, -0.00738718287  , 0.003047804122  , -0.01822693843  , 0.04142423476   , -0.02111973674  , -0.003502532223 , 0.008880442817  , -0.0009824361267, 0.01410015703   , -0.04313876251  , -0.01055047318  , -0.001702148827 , -0.02732773909  , -0.09196320016  , -0.07179532317  , 0.7942637923    , 0.02123586263   , 0.01078528186   , 0.02168856992   , 0.007954790892  , 0.01508912829   , -0.005348831962 , 0.01667461934   , 0.01034454703   , -0.002919963804 , -0.00248100384  , 0.01876626051   , 0.004429353697  , -0.00159568762  , -0.002059373938 , -0.006364221483 , 0.009577952558  , -0.009968230125 , 0.002415430378  , 0.01723215936   , 0.01182216969   , 0.03179250685   , -0.11392191     , -0.00868622352  , -0.002057235789 , -0.1319926255   , -0.01240857548  , 0.009775976693  , 0.001131757773  , -0.01006221378  , -0.01148428176  , -0.01067452465  , 0.002518097171  , -0.02262206855  , -0.01502634653  , 0.0005718581186 , 0.01513009182   , 0.0096141619    , 0.01563833072   , -0.01548795573  , -7.611221869e-05, 0.001629366306  , 0.01916232717   , 0.004933384111  , -0.001183922504 , 0.01525688416   , -0.01456533254  , -0.01812325466  , 0.0008372537097 , -0.003895634581 , -0.01690075676  , -0.02283209917  , 0.01156645389   , -0.005786392342 , -0.02388784074  , 0.004592097969  , -0.004700979698 , -0.003766469705 , -0.005630600297 , -0.003292590878 , -8.397185625e-06, 0.006511030126  , 0.01794909172   , 0.01244497342   , -7.915162039e-05, -0.01593797557  , 0.006537294439  , 0.001929336115  , 0.0001448656661 , 0.005414327898  , 0.009852065865  , -0.01727133018  , -0.001597189714 , 0.005339168887  , 0.0113361404    
-0.04062927464  , -0.05298651754  , -0.0435507557   , 0.001504603961  , 0.005132865401  , 0.005676396382  , 0.007548849902  , -0.004252830195 , 0.0001481194347 , -0.01290700862  , -0.02099226686  , 0.01430190163   , -0.001053582789 , -0.00671171511  , -0.01420627938  , 0.0155784568    , 0.01107067428   , -0.006400746421 , -0.09730474625  , -0.03237037768  , -0.05089995927  , 0.02123586263   , 0.5967805095    , 0.003415197349  , -0.01852320148  , 0.001363726073  , -0.01065670379  , 0.02086116599   , -0.01347174702  , -0.01062954561  , 0.009102194545  , 0.000778558398  , 0.001441412076  , -0.01328288377  , 0.01605280721   , -0.003621525213 , 0.009025717173  , -0.00230857796  , 0.0001078050506 , -0.002957738729 , 0.02591023032   , -0.0088003418   , -0.01449347288  , 0.004200619507  , -0.02755286219  , -0.02719050874  , 0.009157550091  , -0.02997901609  , 0.0171259949    , 0.004997855674  , -0.004111376957 , 0.006649874105  , -0.01896981893  , -0.006060790336 , -0.002771180834 , -0.00245617135  , -0.01833552355  , -0.02186351894  , 0.008961450369  , 0.007069459666  , 0.009537901462  , -0.001386764403 , -0.003435517022 , 0.0005777488557 , -0.001285676181 , 0.006236879902  , 0.001858352651  , 0.003671400296  , -0.001993148219 , 0.01302141124   , 0.009351018156  , 0.008699931562  , -0.002101420275 , -0.005328850267 , 0.000802290633  , 0.02618466531   , 0.004370653439  , -0.005223925847 , -0.004862585853 , 0.014535282     , -0.01368651113  , -0.00281743656  , 0.01365683907   , 0.002678050257  , -0.006172361149 , -0.003959975245 , -0.006436919508 , 0.01077915931   , 0.007871252086  , 0.008390360875  , -0.03680290272  , -0.001083742443 , -0.008608716818 , -0.003844887686 , 0.01030908782   , 0.009316404209  
