<Sz_i Sz_j >                                      
0.7075517722    , 0.01118871319   , 0.007299454546  , -0.04462513551  , -0.1205911602   , -0.0790875867   , 0.007730663464  , -0.001890330948 , 0.004651006303  , -0.03133181138  , -0.1037166162   , -0.07635815016  , -0.008763642864 , -0.1195048962   , -0.002635526404 , 0.01210183458   , 0.009485902965  , 0.0007308386098 , 0.01477164639   , 0.007913345401  , 0.005284016957  , -0.02065113553  , -0.1208462486   , -0.003305720667 , -0.001117227048 , -0.0008458330455, -0.004020149314 , -0.009534381789 , -0.007780328186 , 0.001831864498  , -0.0002787435188, -0.002219196855 , 0.001595429901  , 0.00130609391   , 0.0002783629831 , 0.001409467619  , -0.00353219301  , -0.001174983516 , 0.00402333905   , 0.000820298215  , 0.00201189095   , 0.005300099089  , -0.004047191187 , -0.0005493957324, -0.004335609019 , 0.002228032621  , 0.004949090156  , -0.001509105815 
0.01118871319   , 0.4706719856    , 0.001740012014  , -0.1036455513   , -0.002494808163 , -0.0454576554   , 0.009777982773  , -0.1878752369   , 0.01079889541   , -0.1070095532   , -0.004064636887 , -0.04363724702  , -0.007714902237 , 0.004453764353  , -0.001524954348 , -0.006376317685 , 0.006541853159  , -0.01453985313  , -0.008535016633 , 0.004431242973  , -0.003762104783 , -0.002201761295 , 0.004140744924  , -0.001427874113 , 0.0007844765516 , -0.0009134344229, 0.001453177381  , 0.006000902434  , 0.002956422237  , -0.00127864742  , -0.005321280934 , 0.001747802971  , -0.002623714199 , 0.00800451298   , -0.0006981136799, -0.0006081494416, -0.001256349551 , -0.0004194052477, -0.001291152705 , 0.005874902989  , -0.0007386214483, -0.001288126305 , 0.003239519635  , -0.001522625429 , -0.00167965075  , -0.0005911453617, 1.885026538e-06 , -0.001015911533 
0.007299454546  , 0.001740012014  , 0.5253647877    , -0.07240607308  , -0.04713643636  , 0.002239258143  , 0.004001316253  , 0.00772166454   , 0.003004050005  , -0.07890765312  , -0.04395260801  , 0.002466375379  , -0.1005730684   , -0.06051495786  , -0.01214596756  , 0.001910548603  , 0.00343505575   , -0.00112812275  , 0.000575424532  , 0.005112736667  , 0.001947139011  , -0.09536996778  , -0.05811107321  , -0.01486050979  , 0.002710320271  , 0.003753427249  , 0.001372968389  , 0.001540104763  , -0.001082583442 , 0.002322177368  , 0.001855423533  , 0.0003870810089 , -0.0006470453644, -0.0002252717042, 0.003591847765  , 0.0005365073328 , -0.002226401525 , -0.005910793305 , 0.0007116692382 , 0.0003974403897 , 0.0004326815241 , 0.002879207412  , -0.0004827924036, 0.004574833621  , 0.001479417107  , -0.002869709308 , 0.00233237032   , -0.001525677334 
-0.04462513551  , -0.1036455513   , -0.07240607308  , 0.7040981053    , 0.003947224412  , 0.01369926005   , -0.03627589794  , -0.1072808939   , -0.07881837012  , 0.004400607522  , 0.006718529266  , 0.001225565819  , -0.01778923571  , -0.1232676345   , -0.006074713265 , -0.01365812426  , -0.1183765586   , -0.003092382104 , 0.009920742111  , 0.005586618875  , -0.001206446782 , 0.01221164001   , 0.006099217289  , 0.006590711841  , 0.0002887192443 , -0.00103714315  , -0.001053270717 , -6.965195572e-05, -0.0002022844323, -0.0001859966456, -0.002462577371 , -0.001058656948 , -0.005969338832 , 0.004227883949  , 0.006548263181  , -0.002814823571 , -0.003703409361 , -0.005279003835 , 0.0016462642    , 0.0009282096241 , 0.007959357352  , -0.0008883633587, -0.005385983348 , -0.004501193132 , 0.0001648658935 , 0.003556868793  , -0.001192420554 , 0.004927200702  
-0.1205911602   , -0.002494808163 , -0.04713643636  , 0.003947224412  , 0.4674842734    , 0.002924921665  , -0.1019427777   , -0.0008806290767, -0.04220121823  , 0.001830169161  , -0.1745414857   , 0.007282779693  , -0.001208707421 , 0.01065839061   , -0.004184190202 , -0.007999275786 , 0.005701572375  , -0.002804447147 , -0.006408599047 , 0.006174984867  , -0.007844887192 , -0.008144101886 , 0.006396606415  , -0.006521890117 , -0.00383030383  , 0.004301932694  , 0.003137749052  , 0.001179075354  , 0.001764866816  , 0.0006427837345 , 0.003380083483  , 0.004664093755  , 0.00157767576   , -0.004204460489 , 0.003108160692  , -0.004864551739 , -0.003627344287 , 0.001012743892  , -0.002689931741 , -0.002356909464 , -0.001348521244 , -0.005681923435 , 0.005094372073  , 0.004599995402  , 0.002137374013  , 0.002810394313  , -0.003008460166 , 0.004451082775  
-0.0790875867   , -0.0454576554   , 0.002239258143  , 0.01369926005   , 0.002924921665  , 0.524178446     , -0.07547999937  , -0.04255212477  , 0.002853966461  , 0.004378550833  , 0.008602052074  , 0.00283342405   , -0.09567357942  , -0.06024591294  , -0.01565581378  , -0.09728597238  , -0.0628627441   , -0.01552547267  , 0.002030544496  , 0.004586222049  , 0.001268968598  , -0.001952433061 , 0.006575628677  , 0.004941725989  , 0.003834453451  , 0.008414047235  , 0.0008370174199 , -0.001775894783 , 0.002320718321  , -0.001614857476 , 0.003401181766  , 0.002386061497  , -0.0001599160876, -0.000985957464 , 0.001400434231  , 0.001366104678  , -0.002451411019 , 0.002066967215  , 0.0006409822015 , -0.001763750935 , -0.00136203158  , -0.0001211957037, 0.004980277302  , -0.001814431071 , -0.0007930628461, -0.0002891152181, -0.001073165313 , 7.423237527e-06 
0.007730663464  , 0.009777982773  , 0.004001316253  , -0.03627589794  , -0.1019427777   , -0.07547999937  , 0.707695702     , 0.007074744992  , 0.01724054906   , -0.04230381137  , -0.1189860313   , -0.08005759195  , 0.005762153563  , 0.008578238727  , 0.005508437933  , -0.02471286292  , -0.1195645591   , 0.002347326672  , -0.02091781278  , -0.1217360056   , -0.004485117301 , 0.007491643675  , 0.01047098727   , -0.005003935278 , -0.003410694203 , -0.002908860294 , 0.003581993599  , 0.004154576269  , 0.001419531221  , -0.000401148466 , -0.0005514803823, 0.00282819008   , 0.002251208888  , 0.002875901941  , -0.001400820984 , -0.006995444375 , 0.003472393093  , 0.0009602570551 , 0.001262100971  , 0.004820314616  , 0.0007695855097 , -0.0004339181558, 0.000965145221  , -0.001469070025 , -0.005097784708 , -0.00402386939  , 0.001773588801  , -0.00228349     
-0.001890330948 , -0.1878752369   , 0.00772166454   , -0.1072808939   , -0.0008806290767, -0.04255212477  , 0.007074744992  , 0.4690420952    , 0.003500015162  , -0.09809678138  , -0.002524627141 , -0.04395898091  , -0.003882145561 , 0.008081321405  , -0.003097683994 , -0.002156030627 , 0.00710994909   , 0.0009889046108 , -0.006985659302 , 0.005400070827  , -0.001451965739 , -0.006362647381 , 0.01103640594   , -0.004751027964 , -0.004485517698 , -0.003347513767 , -0.003172655016 , -0.0009870368552, -0.0006893748112, -0.0007453689521, 0.001462228304  , 0.001502280681  , 0.004198750386  , -0.001549048981 , 0.003186971935  , 0.002952998093  , 0.005119618297  , -0.0005793300664, 0.0005176288587 , -0.005367494652 , -0.002323508626 , 0.002316315949  , -0.002042441444 , -0.001734814954 , 0.0006907848648 , 0.002950687295  , 0.0005268974233 , -0.0006534347964
0.004651006303  , 0.01079889541   , 0.003004050005  , -0.07881837012  , -0.04220121823  , 0.002853966461  , 0.01724054906   , 0.003500015162  , 0.529403812     , -0.08203405275  , -0.0478727774   , 0.0007152917474 , -0.0004263964599, 0.006814422428  , 0.00915740818   , -0.1047785112   , -0.06433858453  , -0.01165245536  , -0.1007309672   , -0.06366994375  , -0.01402915067  , 0.005739729788  , 0.003800067091  , 0.001556768377  , -0.001475903067 , -0.0006130857314, -0.00358190125  , 0.008396675423  , 0.011087364     , 0.001271746562  , 0.003613231929  , -0.0009948559373, -0.0004105385714, 0.0009180316587 , 0.002380875149  , -0.002720265607 , 0.003814858771  , -0.001507893319 , 0.002460778922  , -0.001201376497 , -0.001495917507 , -0.002267829503 , -0.001380146983 , 0.002893439374  , -0.002191836625 , -0.002059147097 , 0.0001308147833 , 1.421500232e-05 
-0.03133181138  , -0.1070095532   , -0.07890765312  , 0.004400607522  , 0.001830169161  , 0.004378550833  , -0.04230381137  , -0.09809678138  , -0.08203405275  , 0.7058997757    , 0.008917337496  , 0.001626708956  , 0.005056564062  , 0.003267023531  , 0.002326481833  , 0.008642919459  , 0.003047041681  , 0.002551513588  , -0.01617531865  , -0.1177780118   , -0.007316524077 , -0.01824001695  , -0.1167745101   , -0.006657616377 , 0.008086315446  , 0.002119446594  , -0.000594853677 , -0.006398928071 , 0.004374004189  , -0.002048460578 , 0.006988159384  , 0.006298189052  , -0.0007211270394, -0.004308648072 , -0.004348633247 , -0.005286967053 , -0.004633456552 , 0.005109686736  , 0.005365849245  , -0.001066715565 , 0.0006048422843 , 0.000515740095  , 0.005902755467  , 0.0006152347334 , 0.002175464039  , -0.007988162289 , -0.0003215117075, -0.002401742826 
-0.1037166162   , -0.004064636887 , -0.04395260801  , 0.006718529266  , -0.1745414857   , 0.008602052074  , -0.1189860313   , -0.002524627141 , -0.0478727774   , 0.008917337496  , 0.464994163     , 0.01030564657   , -0.004799750628 , 0.006392840219  , -0.006259982958 , -0.003736332536 , 0.006226199913  , -0.005925529739 , -0.002284948758 , 0.005624923539  , 0.002007751225  , -0.001525721055 , 0.005323806626  , -0.002717009458 , 0.006051104041  , 0.001954713349  , -0.001412943192 , 0.002668182627  , -0.002128173863 , -0.001474394509 , -0.005084633176 , -0.0006663940852, -0.001064514446 , -0.002981275798 , -0.0009368126506, 0.005234459237  , 0.004105991119  , -0.003524872696 , -0.001489443584 , 0.00631842964   , -0.000212172833 , 0.002004848763  , -0.003533295481 , -0.00166286296  , -0.003561228373 , 0.001667652648  , -0.0004577906013, -0.001502014422 
-0.07635815016  , -0.04363724702  , 0.002466375379  , 0.001225565819  , 0.007282779693  , 0.00283342405   , -0.08005759195  , -0.04395898091  , 0.0007152917474 , 0.001626708956  , 0.01030564657   , 0.5256005677    , 0.006095826736  , 0.005898369279  , 0.004512686787  , 0.005117049518  , 0.006930883649  , -0.001209851822 , -0.09757097303  , -0.05978147669  , -0.01285087644  , -0.0985774215   , -0.06076517896  , -0.01107116792  , 0.001007132618  , 0.002640402995  , -0.000131558534 , 0.001780150071  , 0.001778529022  , -0.002497412472 , 0.005419788006  , 0.006689211448  , -0.002679943827 , -0.001506509895 , -0.001241603792 , 0.001897038583  , 4.488194873e-05 , -0.001788430456 , -0.002481874978 , 0.0002176646228 , -0.001025575233 , -0.0006154117344, 0.002487164887  , 0.000580204418  , 0.002503021577  , 0.001912510407  , -0.00194864087  , -0.002499006885 
-0.008763642864 , -0.007714902237 , -0.1005730684   , -0.01778923571  , -0.001208707421 , -0.09567357942  , 0.005762153563  , -0.003882145561 , -0.0004263964599, 0.005056564062  , -0.004799750628 , 0.006095826736  , 0.681074085     , 0.01022369833   , 0.01159943134   , -0.01783305114  , -0.05023946264  , -0.05179683414  , -0.001602085475 , 0.001551062696  , 0.004807723368  , -0.0172743308   , -0.04977494117  , -0.05732319208  , -0.01939587454  , -0.09769547757  , -0.004218152327 , -0.004524553883 , 0.001639653463  , 0.001171656985  , -0.001135504984 , 0.001006872567  , 0.00299521458   , -0.01264405912  , -0.09560761798  , -0.005150374424 , 0.003289372947  , 0.001182373404  , -2.819047469e-05, 0.003772495217  , 0.005056589488  , -0.001382037856 , -0.002267007593 , -0.004586994589 , -0.005027634932 , -0.0007922852179, 0.000715629412  , 0.001466720821  
-0.1195048962   , 0.004453764353  , -0.06051495786  , -0.1232676345   , 0.01065839061   , -0.06024591294  , 0.008578238727  , 0.008081321405  , 0.006814422428  , 0.003267023531  , 0.006392840219  , 0.005898369279  , 0.01022369833   , 0.5230245734    , 0.008660449957  , -0.05464597685  , -0.02737371518  , -0.02464107103  , 0.005775318654  , -0.0161377334   , 0.001337920165  , -0.0474447106   , -0.0339158881   , -0.02673320259  , -0.01341521855  , 0.003061879578  , -0.01167208216  , 0.004897352987  , 0.005448747648  , 0.002229806081  , -0.003245880982 , 0.002367269589  , 0.002760526414  , -0.01180797789  , 0.002583307079  , -0.005902397564 , 0.002500550102  , 0.003479300222  , -4.059919245e-05, -0.001219508049 , -0.003216192233 , -0.0005414116411, -0.001591709519 , 0.003552821289  , 0.001112012442  , -0.0001094435824, 0.001207678109  , 0.0006981653155 
-0.002635526404 , -0.001524954348 , -0.01214596756  , -0.006074713265 , -0.004184190202 , -0.01565581378  , 0.005508437933  , -0.003097683994 , 0.00915740818   , 0.002326481833  , -0.006259982958 , 0.004512686787  , 0.01159943134   , 0.008660449957  , 0.50297094      , -0.06435360663  , -0.02683927473  , 0.0004049162291 , 0.002923520962  , -0.003711083389 , 0.003536258664  , -0.06006626463  , -0.02487382159  , 0.004904553399  , -0.09869837654  , -0.06598021629  , -0.01691071735  , -0.002493382588 , 0.0085192221    , 0.00948128946   , 0.003542516622  , 0.007400803667  , 0.006162052271  , -0.09817253225  , -0.0717583909   , -0.01620100633  , -0.003163775228 , -0.002581033827 , 0.002676106119  , -0.00108831505  , -0.0008359543995, -0.00134594448  , -0.002501500463 , -0.001475354395 , -0.003040948522 , 0.006069566201  , 0.01482863941   , 0.003327200946  
0.01210183458   , -0.006376317685 , 0.001910548603  , -0.01365812426  , -0.007999275786 , -0.09728597238  , -0.02471286292  , -0.002156030627 , -0.1047785112   , 0.008642919459  , -0.003736332536 , 0.005117049518  , -0.01783305114  , -0.05464597685  , -0.06435360663  , 0.6819666809    , 0.01137398829   , 0.009706599259  , -0.02015106853  , -0.04387822002  , -0.05726704398  , -0.004749976557 , 0.00752095831   , 0.00437515927   , -0.01441992856  , -0.09380893258  , -0.002947156416 , -0.01965726589  , -0.1026683247   , -0.007298651212 , 0.006587553226  , 0.006906233999  , -0.002401930572 , 0.005708499666  , 0.004632206958  , 0.006684083712  , -0.002479663242 , 0.0004490089947 , -0.003599365911 , 0.002981346603  , -0.0001842128244, 0.002403112213  , -0.002002666424 , 0.003276145039  , 0.006005208602  , -0.003396912661 , -0.006128856972 , -0.0002510441157
0.009485902965  , 0.006541853159  , 0.00343505575   , -0.1183765586   , 0.005701572375  , -0.0628627441   , -0.1195645591   , 0.00710994909   , -0.06433858453  , 0.003047041681  , 0.006226199913  , 0.006930883649  , -0.05023946264  , -0.02737371518  , -0.02683927473  , 0.01137398829   , 0.519155366     , 0.003278976532  , -0.04891325151  , -0.02483662606  , -0.02742043208  , -0.00188857488  , -0.01245451232  , 0.00270139257   , -0.007772734183 , 0.003846811828  , -0.004577793164 , -0.0120676253   , 0.00294145965   , -0.007659924052 , 0.005680752984  , 0.003121857223  , 0.002202913119  , -0.002675002413 , 0.001150927237  , 0.00123790148   , -0.0005332247311, 0.003422315862  , 0.000554691186  , -0.003677356965 , -0.001485644177 , 0.0004603828817 , 0.0007332534135 , -0.001181648961 , 0.003312880025  , 0.001851750928  , 0.001221511677  , -0.001956691988 
0.0007308386098 , -0.01453985313  , -0.00112812275  , -0.003092382104 , -0.002804447147 , -0.01552547267  , 0.002347326672  , 0.0009889046108 , -0.01165245536  , 0.002551513588  , -0.005925529739 , -0.001209851822 , -0.05179683414  , -0.02464107103  , 0.0004049162291 , 0.009706599259  , 0.003278976532  , 0.502088431     , -0.05481679775  , -0.02217186139  , 0.00584844026   , 0.004760938772  , 0.001902076038  , 0.001780540043  , -0.1015322827   , -0.07002100364  , -0.01407311661  , -0.1024006647   , -0.06769772081  , -0.008864590166 , 0.00186083667   , -0.001892179608 , 0.003413052491  , 0.006654077088  , 0.005386795286  , 0.005156869731  , 0.001163021973  , 0.01135816338   , -0.001153348162 , 0.002343036881  , 0.001083879933  , -0.001015328039 , 0.0008630022823 , -0.00220564962  , 0.0003681332604 , -0.0004368082162, 0.004175187096  , -0.002281461981 
0.01477164639   , -0.008535016633 , 0.000575424532  , 0.009920742111  , -0.006408599047 , 0.002030544496  , -0.02091781278  , -0.006985659302 , -0.1007309672   , -0.01617531865  , -0.002284948758 , -0.09757097303  , -0.001602085475 , 0.005775318654  , 0.002923520962  , -0.02015106853  , -0.04891325151  , -0.05481679775  , 0.6814919869    , 0.0135044293    , 0.009366222008  , -0.01963532203  , -0.04446339563  , -0.0553671188   , 0.003132730438  , 0.005423035038  , 0.002818671135  , -0.01914856778  , -0.09837345911  , -0.003594170601 , -0.02556740917  , -0.1033150382   , -0.006591585123 , 0.003730190903  , 0.001070363262  , 0.0005621043361 , -0.006653933118 , 0.001366113516  , -0.002052170024 , 0.001560377115  , 0.006528400108  , 0.001559921843  , 0.001446614889  , 0.002529917211  , -0.005859113156 , 0.006709624513  , -0.0003043145315, 0.001787343607  
0.007913345401  , 0.004431242973  , 0.005112736667  , 0.005586618875  , 0.006174984867  , 0.004586222049  , -0.1217360056   , 0.005400070827  , -0.06366994375  , -0.1177780118   , 0.005624923539  , -0.05978147669  , 0.001551062696  , -0.0161377334   , -0.003711083389 , -0.04387822002  , -0.02483662606  , -0.02217186139  , 0.0135044293    , 0.5217684262    , 0.008731848138  , -0.04849253244  , -0.03431290785  , -0.0198275339   , 0.0001849743174 , 0.005689084834  , 0.002097475631  , -0.0118426729   , 0.002564890646  , -0.009581771166 , -0.01078379245  , 0.0018555257    , -0.003252070968 , 0.0006604268103 , 0.002335694176  , 0.0005762746452 , -0.001882598023 , 0.002035187889  , 0.002088541022  , -0.003795153505 , 0.001971125969  , -0.0009347443238, -0.003414948949 , -0.001670661896 , 0.0009399563131 , -0.0001658081737, 0.002120002826  , 0.001969387008  
0.005284016957  , -0.003762104783 , 0.001947139011  , -0.001206446782 , -0.007844887192 , 0.001268968598  , -0.004485117301 , -0.001451965739 , -0.01402915067  , -0.007316524077 , 0.002007751225  , -0.01285087644  , 0.004807723368  , 0.001337920165  , 0.003536258664  , -0.05726704398  , -0.02742043208  , 0.00584844026   , 0.009366222008  , 0.008731848138  , 0.4994983069    , -0.05769808039  , -0.02594948919  , 0.003359973641  , 0.007178543509  , 0.003763340078  , 0.004095185697  , -0.09907845173  , -0.06979190486  , -0.01134658096  , -0.1056463521   , -0.06410610652  , -0.01189290528  , -0.0009828477016, 0.006741673712  , 0.00212312183   , -0.001440179727 , -0.0003754046026, -0.001608565399 , 0.008909346058  , 0.01105553323   , 0.004529179293  , -0.006309294742 , 0.003736382321  , -0.001789037365 , -0.004425215155 , -0.001162650996 , 0.002737692538  
-0.02065113553  , -0.002201761295 , -0.09536996778  , 0.01221164001   , -0.008144101886 , -0.001952433061 , 0.007491643675  , -0.006362647381 , 0.005739729788  , -0.01824001695  , -0.001525721055 , -0.0985774215   , -0.0172743308   , -0.0474447106   , -0.06006626463  , -0.004749976557 , -0.00188857488  , 0.004760938772  , -0.01963532203  , -0.04849253244  , -0.05769808039  , 0.6818504259    , 0.01343496605   , 0.008704503431  , 0.00229524304   , 0.004684229373  , 0.005556455302  , 0.005132022671  , 0.00759574579   , 0.004815069574  , -0.01660361395  , -0.09636294214  , -0.001432746431 , -0.02186950014  , -0.09941687743  , -0.0003425043534, -0.00237161254  , -0.0009434858678, 0.002448973358  , 0.001589956055  , -0.004251856231 , 0.001123682745  , -0.0005770343347, 0.001758859457  , -0.006093338962 , -0.0007003751147, -0.001814775686 , -0.00415109687  
-0.1208462486   , 0.004140744924  , -0.05811107321  , 0.006099217289  , 0.006396606415  , 0.006575628677  , 0.01047098727   , 0.01103640594   , 0.003800067091  , -0.1167745101   , 0.005323806626  , -0.06076517896  , -0.04977494117  , -0.0339158881   , -0.02487382159  , 0.00752095831   , -0.01245451232  , 0.001902076038  , -0.04446339563  , -0.03431290785  , -0.02594948919  , 0.01343496605   , 0.5201374472    , 0.002666372322  , -0.001711075595 , 0.0008609189189 , 0.003219817908  , 0.001255243798  , -0.002051255374 , -0.00132931728  , -0.007918366591 , 0.002023398916  , -0.00697760621  , -0.005771562656 , 0.005997005268  , -0.008495673595 , 0.006726135717  , -0.001626789088 , -0.002453623529 , -0.004177959036 , 0.000930481165  , 0.0005856349634 , 0.001327786787  , -0.0001888476261, 0.001214878496  , 0.003033250036  , -0.0003863963839, -0.0008598594683
-0.003305720667 , -0.001427874113 , -0.01486050979  , 0.006590711841  , -0.006521890117 , 0.004941725989  , -0.005003935278 , -0.004751027964 , 0.001556768377  , -0.006657616377 , -0.002717009458 , -0.01107116792  , -0.05732319208  , -0.02673320259  , 0.004904553399  , 0.00437515927   , 0.00270139257   , 0.001780540043  , -0.0553671188   , -0.0198275339   , 0.003359973641  , 0.008704503431  , 0.002666372322  , 0.5021651996    , 0.0007032440739 , 0.003231213393  , -0.0001278192046, 0.003268815219  , 0.007721123932  , 0.002209687661  , -0.100346827    , -0.06737845873  , -0.01091781007  , -0.1009592781   , -0.06556272579  , -0.01238593361  , 0.002483067288  , -0.0009924252415, 0.0008993833618 , -0.003807984844 , 0.0001445561432 , -0.004010637872 , 0.002368433201  , 0.009509007876  , 0.005407954247  , -2.607957377e-05, 0.004619711532  , 0.0002281697665 
-0.001117227048 , 0.0007844765516 , 0.002710320271  , 0.0002887192443 , -0.00383030383  , 0.003834453451  , -0.003410694203 , -0.004485517698 , -0.001475903067 , 0.008086315446  , 0.006051104041  , 0.001007132618  , -0.01939587454  , -0.01341521855  , -0.09869837654  , -0.01441992856  , -0.007772734183 , -0.1015322827   , 0.003132730438  , 0.0001849743174 , 0.007178543509  , 0.00229524304   , -0.001711075595 , 0.0007032440739 , 0.6807869009    , 0.007963935427  , 0.008576286761  , -0.01608279752  , -0.04479219011  , -0.06438390961  , -0.001235006556 , 0.003941370707  , 0.00205470821   , -0.01938418751  , -0.0483253077   , -0.06101307116  , -0.01419630037  , -0.09643496457  , -0.008751628502 , -0.001625460747 , 0.005196228439  , 0.007140533715  , 0.004992498607  , 0.007387116436  , 0.006822926054  , -0.01610869493  , -0.09691608949  , -0.01069275931  
-0.0008458330455, -0.0009134344229, 0.003753427249  , -0.00103714315  , 0.004301932694  , 0.008414047235  , -0.002908860294 , -0.003347513767 , -0.0006130857314, 0.002119446594  , 0.001954713349  , 0.002640402995  , -0.09769547757  , 0.003061879578  , -0.06598021629  , -0.09380893258  , 0.003846811828  , -0.07002100364  , 0.005423035038  , 0.005689084834  , 0.003763340078  , 0.004684229373  , 0.0008609189189 , 0.003231213393  , 0.007963935427  , 0.493395135     , 0.004014535695  , -0.03930184469  , -0.02765915145  , -0.0297903491   , 0.004093366634  , -0.008589226749 , 0.003565697505  , -0.04843290058  , -0.02545510149  , -0.02862679927  , -0.008734243235 , 0.002906223023  , -0.002727438847 , -0.003322638081 , -0.001592635714 , 0.00229822786   , -0.002851326278 , 0.002521954226  , 0.005228915715  , -0.009381787543 , 0.001669168141  , -0.005478705405 
-0.004020149314 , 0.001453177381  , 0.001372968389  , -0.001053270717 , 0.003137749052  , 0.0008370174199 , 0.003581993599  , -0.003172655016 , -0.00358190125  , -0.000594853677 , -0.001412943192 , -0.000131558534 , -0.004218152327 , -0.01167208216  , -0.01691071735  , -0.002947156416 , -0.004577793164 , -0.01407311661  , 0.002818671135  , 0.002097475631  , 0.004095185697  , 0.005556455302  , 0.003219817908  , -0.0001278192046, 0.008576286761  , 0.004014535695  , 0.4965921392    , -0.065321744    , -0.02953061458  , 0.003819560043  , 0.004419857484  , 0.004252857068  , -0.0002198404397, -0.05682463786  , -0.02770551538  , 0.0081064171    , -0.09216572124  , -0.06778154532  , -0.01595966266  , 0.004599802069  , 0.004369809612  , 0.009639784352  , 0.006653585347  , 0.01009452971   , 0.006546072326  , -0.08842490662  , -0.0688191093   , -0.01678249989  
-0.009534381789 , 0.006000902434  , 0.001540104763  , -6.965195572e-05, 0.001179075354  , -0.001775894783 , 0.004154576269  , -0.0009870368552, 0.008396675423  , -0.006398928071 , 0.002668182627  , 0.001780150071  , -0.004524553883 , 0.004897352987  , -0.002493382588 , -0.01965726589  , -0.0120676253   , -0.1024006647   , -0.01914856778  , -0.0118426729   , -0.09907845173  , 0.005132022671  , 0.001255243798  , 0.003268815219  , -0.01608279752  , -0.03930184469  , -0.065321744    , 0.6798346259    , 0.01871686033   , 0.0103467977    , -0.01377596533  , -0.04534505308  , -0.06273602782  , -0.006668667632 , 0.00461125771   , -0.002576589228 , -0.01603607765  , -0.09454739185  , -0.007533737519 , -0.02098497715  , -0.1029511485   , -0.008989250486 , 0.01138079241   , 0.01043964215   , -0.000868899593 , 0.008319371323  , 0.005263405938  , 0.003696315558  
-0.007780328186 , 0.002956422237  , -0.001082583442 , -0.0002022844323, 0.001764866816  , 0.002320718321  , 0.001419531221  , -0.0006893748112, 0.011087364     , 0.004374004189  , -0.002128173863 , 0.001778529022  , 0.001639653463  , 0.005448747648  , 0.0085192221    , -0.1026683247   , 0.00294145965   , -0.06769772081  , -0.09837345911  , 0.002564890646  , -0.06979190486  , 0.00759574579   , -0.002051255374 , 0.007721123932  , -0.04479219011  , -0.02765915145  , -0.02953061458  , 0.01871686033   , 0.4956040611    , 0.00308925872   , -0.04460855613  , -0.03074438793  , -0.03022788488  , 0.005638184244  , -0.01304456033  , 0.002933464015  , -0.005447067686 , 0.002187416229  , -0.002026830844 , -0.01018633706  , -0.001732910234 , -0.004904814306 , 0.002782887982  , -0.0002700316341, 0.001536002663  , -0.003867536264 , 0.002050957708  , 0.0004117581789 
0.001831864498  , -0.00127864742  , 0.002322177368  , -0.0001859966456, 0.0006427837345 , -0.001614857476 , -0.000401148466 , -0.0007453689521, 0.001271746562  , -0.002048460578 , -0.001474394509 , -0.002497412472 , 0.001171656985  , 0.002229806081  , 0.00948128946   , -0.007298651212 , -0.007659924052 , -0.008864590166 , -0.003594170601 , -0.009581771166 , -0.01134658096  , 0.004815069574  , -0.00132931728  , 0.002209687661  , -0.06438390961  , -0.0297903491   , 0.003819560043  , 0.0103467977    , 0.00308925872   , 0.4961919269    , -0.06018030397  , -0.02441163555  , 0.003209490403  , 0.002262075193  , 0.002124075631  , 0.005040755299  , -0.08798825873  , -0.06810814855  , -0.01619008076  , -0.08437391426  , -0.06733591433  , -0.01526724703  , -0.0004813154937, 0.003184337581  , 0.007376391639  , 0.002746150679  , 0.005000371044  , 0.009170712959  
-0.0002787435188, -0.005321280934 , 0.001855423533  , -0.002462577371 , 0.003380083483  , 0.003401181766  , -0.0005514803823, 0.001462228304  , 0.003613231929  , 0.006988159384  , -0.005084633176 , 0.005419788006  , -0.001135504984 , -0.003245880982 , 0.003542516622  , 0.006587553226  , 0.005680752984  , 0.00186083667   , -0.02556740917  , -0.01078379245  , -0.1056463521   , -0.01660361395  , -0.007918366591 , -0.100346827    , -0.001235006556 , 0.004093366634  , 0.004419857484  , -0.01377596533  , -0.04460855613  , -0.06018030397  , 0.6805779165    , 0.01623368898   , 0.00631273525   , -0.0115807266   , -0.04719936935  , -0.06132360752  , -0.006061235384 , 0.004310138214  , 0.003488100596  , -0.02078747079  , -0.09412484064  , -0.007553990971 , -0.01263563512  , -0.09965779262  , -0.006373145327 , 0.004590300246  , 0.004784368959  , 0.003887222519  
-0.002219196855 , 0.001747802971  , 0.0003870810089 , -0.001058656948 , 0.004664093755  , 0.002386061497  , 0.00282819008   , 0.001502280681  , -0.0009948559373, 0.006298189052  , -0.0006663940852, 0.006689211448  , 0.001006872567  , 0.002367269589  , 0.007400803667  , 0.006906233999  , 0.003121857223  , -0.001892179608 , -0.1033150382   , 0.0018555257    , -0.06410610652  , -0.09636294214  , 0.002023398916  , -0.06737845873  , 0.003941370707  , -0.008589226749 , 0.004252857068  , -0.04534505308  , -0.03074438793  , -0.02441163555  , 0.01623368898   , 0.4956418302    , 0.003075951399  , -0.0494068427   , -0.02582509344  , -0.02721508766  , 0.002068880846  , 0.002233544436  , 0.001454621092  , -0.008921332285 , 0.001330051719  , -0.005702775669 , -0.01130149843  , -0.0004349767267, -0.001493882873 , -0.005438879841 , 0.003255530263  , -3.403271957e-06
0.001595429901  , -0.002623714199 , -0.0006470453644, -0.005969338832 , 0.00157767576   , -0.0001599160876, 0.002251208888  , 0.004198750386  , -0.0004105385714, -0.0007211270394, -0.001064514446 , -0.002679943827 , 0.00299521458   , 0.002760526414  , 0.006162052271  , -0.002401930572 , 0.002202913119  , 0.003413052491  , -0.006591585123 , -0.003252070968 , -0.01189290528  , -0.001432746431 , -0.00697760621  , -0.01091781007  , 0.00205470821   , 0.003565697505  , -0.0002198404397, -0.06273602782  , -0.03022788488  , 0.003209490403  , 0.00631273525   , 0.003075951399  , 0.4967772115    , -0.06258832675  , -0.02574044467  , 0.008035071615  , 0.002893984426  , 0.003164430556  , 0.009430456045  , -0.08369870196  , -0.06723568657  , -0.01243860027  , -0.08987369858  , -0.06748315973  , -0.01872102635  , 0.00765998151   , 0.00733674141   , 0.004115843011  
0.00130609391   , 0.00800451298   , -0.0002252717042, 0.004227883949  , -0.004204460489 , -0.000985957464 , 0.002875901941  , -0.001549048981 , 0.0009180316587 , -0.004308648072 , -0.002981275798 , -0.001506509895 , -0.01264405912  , -0.01180797789  , -0.09817253225  , 0.005708499666  , -0.002675002413 , 0.006654077088  , 0.003730190903  , 0.0006604268103 , -0.0009828477016, -0.02186950014  , -0.005771562656 , -0.1009592781   , -0.01938418751  , -0.04843290058  , -0.05682463786  , -0.006668667632 , 0.005638184244  , 0.002262075193  , -0.0115807266   , -0.0494068427   , -0.06258832675  , 0.6808498015    , 0.01146705606   , 0.009629553349  , 0.006362908258  , 0.004816797913  , -0.001490305527 , 0.006813062642  , 0.006990369767  , 0.002194156275  , -0.01860377397  , -0.1001313679   , -0.01066081252  , -0.01234464554  , -0.1006245882   , -0.001801080055 
0.0002783629831 , -0.0006981136799, 0.003591847765  , 0.006548263181  , 0.003108160692  , 0.001400434231  , -0.001400820984 , 0.003186971935  , 0.002380875149  , -0.004348633247 , -0.0009368126506, -0.001241603792 , -0.09560761798  , 0.002583307079  , -0.0717583909   , 0.004632206958  , 0.001150927237  , 0.005386795286  , 0.001070363262  , 0.002335694176  , 0.006741673712  , -0.09941687743  , 0.005997005268  , -0.06556272579  , -0.0483253077   , -0.02545510149  , -0.02770551538  , 0.00461125771   , -0.01304456033  , 0.002124075631  , -0.04719936935  , -0.02582509344  , -0.02574044467  , 0.01146705606   , 0.4935688652    , 0.002255446684  , 0.003301313391  , 0.004060463949  , 0.003244530492  , -0.005618257098 , 0.003580613919  , 0.0003896705024 , -0.01152794726  , 0.003731145364  , -0.002536902087 , -0.01096046959  , -4.701233524e-05, -0.002582605388 
0.001409467619  , -0.0006081494416, 0.0005365073328 , -0.002814823571 , -0.004864551739 , 0.001366104678  , -0.006995444375 , 0.002952998093  , -0.002720265607 , -0.005286967053 , 0.005234459237  , 0.001897038583  , -0.005150374424 , -0.005902397564 , -0.01620100633  , 0.006684083712  , 0.00123790148   , 0.005156869731  , 0.0005621043361 , 0.0005762746452 , 0.00212312183   , -0.0003425043534, -0.008495673595 , -0.01238593361  , -0.06101307116  , -0.02862679927  , 0.0081064171    , -0.002576589228 , 0.002933464015  , 0.005040755299  , -0.06132360752  , -0.02721508766  , 0.008035071615  , 0.009629553349  , 0.002255446684  , 0.4966040121    , 0.005184105228  , 0.002942509992  , 0.00691732872   , 0.003113672077  , 0.003221578346  , 0.008539382985  , -0.08700660039  , -0.06736805469  , -0.01858575841  , -0.08301363275  , -0.07074920499  , -0.01553303809  
-0.00353219301  , -0.001256349551 , -0.002226401525 , -0.003703409361 , -0.003627344287 , -0.002451411019 , 0.003472393093  , 0.005119618297  , 0.003814858771  , -0.004633456552 , 0.004105991119  , 4.488194873e-05 , 0.003289372947  , 0.002500550102  , -0.003163775228 , -0.002479663242 , -0.0005332247311, 0.001163021973  , -0.006653933118 , -0.001882598023 , -0.001440179727 , -0.00237161254  , 0.006726135717  , 0.002483067288  , -0.01419630037  , -0.008734243235 , -0.09216572124  , -0.01603607765  , -0.005447067686 , -0.08798825873  , -0.006061235384 , 0.002068880846  , 0.002893984426  , 0.006362908258  , 0.003301313391  , 0.005184105228  , 0.6768310206    , 0.01609454508   , 0.00426145153   , 0.001193980716  , -0.06822281222  , -0.1338864969   , -0.04110194134  , 0.004532135918  , -0.03905521741  , 0.002563911325  , -0.064620681    , -0.1380548698   
-0.001174983516 , -0.0004194052477, -0.005910793305 , -0.005279003835 , 0.001012743892  , 0.002066967215  , 0.0009602570551 , -0.0005793300664, -0.001507893319 , 0.005109686736  , -0.003524872696 , -0.001788430456 , 0.001182373404  , 0.003479300222  , -0.002581033827 , 0.0004490089947 , 0.003422315862  , 0.01135816338   , 0.001366113516  , 0.002035187889  , -0.0003754046026, -0.0009434858678, -0.001626789088 , -0.0009924252415, -0.09643496457  , 0.002906223023  , -0.06778154532  , -0.09454739185  , 0.002187416229  , -0.06810814855  , 0.004310138214  , 0.002233544436  , 0.003164430556  , 0.004816797913  , 0.004060463949  , 0.002942509992  , 0.01609454508   , 0.4752025207    , 0.01358211463   , -0.06255477628  , -0.02579482927  , -0.01505970038  , 0.0009131002928 , -0.007021452917 , 0.005630093965  , -0.07207397873  , -0.02841346909  , -0.01168890125  
0.00402333905   , -0.001291152705 , 0.0007116692382 , 0.0016462642    , -0.002689931741 , 0.0006409822015 , 0.001262100971  , 0.0005176288587 , 0.002460778922  , 0.005365849245  , -0.001489443584 , -0.002481874978 , -2.819047469e-05, -4.059919245e-05, 0.002676106119  , -0.003599365911 , 0.000554691186  , -0.001153348162 , -0.002052170024 , 0.002088541022  , -0.001608565399 , 0.002448973358  , -0.002453623529 , 0.0008993833618 , -0.008751628502 , -0.002727438847 , -0.01595966266  , -0.007533737519 , -0.002026830844 , -0.01619008076  , 0.003488100596  , 0.001454621092  , 0.009430456045  , -0.001490305527 , 0.003244530492  , 0.00691732872   , 0.00426145153   , 0.01358211463   , 0.4261613767    , -0.1364127911   , -0.01480497773  , -0.01053681933  , -0.04171528951  , 0.008589130882  , -0.05215151794  , -0.1419278967   , -0.01393658042  , -0.00862031269  
0.000820298215  , 0.005874902989  , 0.0003974403897 , 0.0009282096241 , -0.002356909464 , -0.001763750935 , 0.004820314616  , -0.005367494652 , -0.001201376497 , -0.001066715565 , 0.00631842964   , 0.0002176646228 , 0.003772495217  , -0.001219508049 , -0.00108831505  , 0.002981346603  , -0.003677356965 , 0.002343036881  , 0.001560377115  , -0.003795153505 , 0.008909346058  , 0.001589956055  , -0.004177959036 , -0.003807984844 , -0.001625460747 , -0.003322638081 , 0.004599802069  , -0.02098497715  , -0.01018633706  , -0.08437391426  , -0.02078747079  , -0.008921332285 , -0.08369870196  , 0.006813062642  , -0.005618257098 , 0.003113672077  , 0.001193980716  , -0.06255477628  , -0.1364127911   , 0.6743642713    , 0.006871764489  , 0.001191206145  , 0.005041897205  , -0.06887002341  , -0.1364119248   , -0.03259483174  , 0.001221464073  , -0.03629464557  
0.00201189095   , -0.0007386214483, 0.0004326815241 , 0.007959357352  , -0.001348521244 , -0.00136203158  , 0.0007695855097 , -0.002323508626 , -0.001495917507 , 0.0006048422843 , -0.000212172833 , -0.001025575233 , 0.005056589488  , -0.003216192233 , -0.0008359543995, -0.0001842128244, -0.001485644177 , 0.001083879933  , 0.006528400108  , 0.001971125969  , 0.01105553323   , -0.004251856231 , 0.000930481165  , 0.0001445561432 , 0.005196228439  , -0.001592635714 , 0.004369809612  , -0.1029511485   , -0.001732910234 , -0.06733591433  , -0.09412484064  , 0.001330051719  , -0.06723568657  , 0.006990369767  , 0.003580613919  , 0.003221578346  , -0.06822281222  , -0.02579482927  , -0.01480497773  , 0.006871764489  , 0.4768761539    , 0.008980064017  , -0.06380132722  , -0.02603368807  , -0.01159496714  , 0.001347624382  , -0.004378605366 , 0.00873228326   
0.005300099089  , -0.001288126305 , 0.002879207412  , -0.0008883633587, -0.005681923435 , -0.0001211957037, -0.0004339181558, 0.002316315949  , -0.002267829503 , 0.000515740095  , 0.002004848763  , -0.0006154117344, -0.001382037856 , -0.0005414116411, -0.00134594448  , 0.002403112213  , 0.0004603828817 , -0.001015328039 , 0.001559921843  , -0.0009347443238, 0.004529179293  , 0.001123682745  , 0.0005856349634 , -0.004010637872 , 0.007140533715  , 0.00229822786   , 0.009639784352  , -0.008989250486 , -0.004904814306 , -0.01526724703  , -0.007553990971 , -0.005702775669 , -0.01243860027  , 0.002194156275  , 0.0003896705024 , 0.008539382985  , -0.1338864969   , -0.01505970038  , -0.01053681933  , 0.001191206145  , 0.008980064017  , 0.4243101367    , -0.1363194095   , -0.0137146535   , -0.0101775592   , -0.04268846895  , 0.005887922685  , -0.05255568456  
-0.004047191187 , 0.003239519635  , -0.0004827924036, -0.005385983348 , 0.005094372073  , 0.004980277302  , 0.000965145221  , -0.002042441444 , -0.001380146983 , 0.005902755467  , -0.003533295481 , 0.002487164887  , -0.002267007593 , -0.001591709519 , -0.002501500463 , -0.002002666424 , 0.0007332534135 , 0.0008630022823 , 0.001446614889  , -0.003414948949 , -0.006309294742 , -0.0005770343347, 0.001327786787  , 0.002368433201  , 0.004992498607  , -0.002851326278 , 0.006653585347  , 0.01138079241   , 0.002782887982  , -0.0004813154937, -0.01263563512  , -0.01130149843  , -0.08987369858  , -0.01860377397  , -0.01152794726  , -0.08700660039  , -0.04110194134  , 0.0009131002928 , -0.04171528951  , 0.005041897205  , -0.06380132722  , -0.1363194095   , 0.6763194637    , 0.01161203933   , 0.004587508519  , 0.004278021018  , -0.06854172072  , -0.136478045    
-0.0005493957324, -0.001522625429 , 0.004574833621  , -0.004501193132 , 0.004599995402  , -0.001814431071 , -0.001469070025 , -0.001734814954 , 0.002893439374  , 0.0006152347334 , -0.00166286296  , 0.000580204418  , -0.004586994589 , 0.003552821289  , -0.001475354395 , 0.003276145039  , -0.001181648961 , -0.00220564962  , 0.002529917211  , -0.001670661896 , 0.003736382321  , 0.001758859457  , -0.0001888476261, 0.009509007876  , 0.007387116436  , 0.002521954226  , 0.01009452971   , 0.01043964215   , -0.0002700316341, 0.003184337581  , -0.09965779262  , -0.0004349767267, -0.06748315973  , -0.1001313679   , 0.003731145364  , -0.06736805469  , 0.004532135918  , -0.007021452917 , 0.008589130882  , -0.06887002341  , -0.02603368807  , -0.0137146535   , 0.01161203933   , 0.4791348276    , 0.01441950279   , -0.07418733779  , -0.02684602896  , -0.01766404961  
-0.004335609019 , -0.00167965075  , 0.001479417107  , 0.0001648658935 , 0.002137374013  , -0.0007930628461, -0.005097784708 , 0.0006907848648 , -0.002191836625 , 0.002175464039  , -0.003561228373 , 0.002503021577  , -0.005027634932 , 0.001112012442  , -0.003040948522 , 0.006005208602  , 0.003312880025  , 0.0003681332604 , -0.005859113156 , 0.0009399563131 , -0.001789037365 , -0.006093338962 , 0.001214878496  , 0.005407954247  , 0.006822926054  , 0.005228915715  , 0.006546072326  , -0.000868899593 , 0.001536002663  , 0.007376391639  , -0.006373145327 , -0.001493882873 , -0.01872102635  , -0.01066081252  , -0.002536902087 , -0.01858575841  , -0.03905521741  , 0.005630093965  , -0.05215151794  , -0.1364119248   , -0.01159496714  , -0.0101775592   , 0.004587508519  , 0.01441950279   , 0.4258122139    , -0.1358083967   , -0.01444882649  , -0.01230987513  
0.002228032621  , -0.0005911453617, -0.002869709308 , 0.003556868793  , 0.002810394313  , -0.0002891152181, -0.00402386939  , 0.002950687295  , -0.002059147097 , -0.007988162289 , 0.001667652648  , 0.001912510407  , -0.0007922852179, -0.0001094435824, 0.006069566201  , -0.003396912661 , 0.001851750928  , -0.0004368082162, 0.006709624513  , -0.0001658081737, -0.004425215155 , -0.0007003751147, 0.003033250036  , -2.607957377e-05, -0.01610869493  , -0.009381787543 , -0.08842490662  , 0.008319371323  , -0.003867536264 , 0.002746150679  , 0.004590300246  , -0.005438879841 , 0.00765998151   , -0.01234464554  , -0.01096046959  , -0.08301363275  , 0.002563911325  , -0.07207397873  , -0.1419278967   , -0.03259483174  , 0.001347624382  , -0.04268846895  , 0.004278021018  , -0.07418733779  , -0.1358083967   , 0.6769733713    , 0.01392553109   , 0.003967903766  
