<Sz_i Sz_j >                                      
0.755359349     , -0.01515430622  , 0.01493124821   , -0.02305982419  , -0.07682750749  , -0.0677386832   , 0.005672242021  , -0.009947412344 , 0.01159205956   , -0.02241843496  , -0.00686336707  , -0.004478584614 , 0.008807015115  , 0.007268499599  , 0.003175936408  , 0.006513774906  , -0.0001895617365, 0.001658943614  , 0.009606748902  , 0.01014081805   , 0.008424593477  , -0.02491153565  , -0.08342300873  , -0.0678493603   , -0.01822335356  , -0.1349180538   , -0.004915921564 , 0.003756495432  , -0.002643557023 , 0.004408121311  , -0.004365780491 , -0.002053502305 , -0.006378335362 , 0.01023527368   , -7.344624216e-05, -0.01379002971  , -0.00720233451  , -0.008409749131 , 0.000698881732  , 0.005360490018  , -0.00571079472  , -0.003092513053 , 0.003143186611  , 0.007512210498  , 0.01184251407   , -0.02217895864  , -0.1181297318   , 0.009895937276  , -0.001274369369 , -0.01127686963  , 0.0009165397054 , 0.01120255057   , 0.004584645951  , -0.00041718393  , -0.01357473873  , -0.002732036532 , -0.006661931505 , 0.01398952919   , 0.001787976445  , -0.0007248239655, 0.01007102869   , 0.001101268803  , -0.0006609681355, -0.01237018635  , -0.006505458015 , 0.007788005513  , -0.01128630534  , -0.001906273724 , -0.02327604659  , -0.002065752789 , 0.01136652177   , 0.002680146516  , -0.005006170018 , 0.0006927264351 , -0.004736003733 , 0.01460159549   , 0.0006769815865 , -0.005897801856 , 0.005605277261  , 0.00186994985   , 0.002417727047  , -0.004387470593 , 0.0006664975448 , -0.0001860357195, 0.008066300994  , 0.006436393761  , -0.004480746255 , 0.004536626575  , 0.003326354593  , -0.006662409418 , 0.002253762398  , -0.0004302142128, 0.006596765587  , -0.007960792947 , 0.00803931906   , 0.00172120739   
-0.01515430622  , 0.5550930674    , 0.009578638232  , -0.07342623088  , -0.01939482109  , -0.03884727685  , -0.007535679331 , -0.005422820318 , 0.01192817415   , -0.008876965045 , 0.009412486354  , 0.009548195813  , 0.001040162096  , 0.01286616349   , -0.002000916353 , 0.007063405818  , -0.002711691033 , 0.001944449186  , 0.005404501215  , -0.01344237376  , 0.007920707103  , -0.1135422501   , -0.009933966771 , -0.04687091227  , -0.006158865113 , 0.009357124464  , -0.005634286111 , -0.00142100871  , 0.004878363212  , -0.001647329834 , 0.001606351937  , -0.00263695351  , 0.009312728688  , 0.005658564885  , -0.001625532031 , 0.006524512875  , 0.01179872078   , -0.00191191522  , 0.003373794161  , -0.005124858917 , -0.004476263548 , -0.002349504536 , -0.0002159871791, 0.005636691387  , -0.004768037843 , -0.01920993633  , 0.01383382428   , -0.0146097147   , -0.004176351659 , 0.0007738021669 , -0.008497005087 , -0.005615687024 , -0.001821120721 , 0.004326272754  , -0.00322453142  , -0.006001613176 , 0.00761378396   , -0.0009660178026, -0.008215207382 , -0.0115635903   , 0.0007433388087 , -0.00439952261  , -0.00121750536  , 0.01470819949   , 0.00244561813   , 0.005519957215  , 0.01470370017   , -0.003703574665 , 0.004747404379  , -0.01355139811  , 0.003433838706  , 0.008886987276  , -0.001846293867 , 0.01222506741   , 0.004204751591  , -0.009609268959 , 0.002846175759  , -0.003884944848 , 0.01240864554   , -0.004461053545 , 0.003059267917  , 0.006686971134  , 0.002661599444  , 0.02690840588   , -0.009078226216 , 0.001171287137  , -0.002870690791 , -0.01943540189  , -0.006251647413 , 0.003999258731  , -0.00447044004  , 0.004041183764  , 0.007261427247  , -0.01484053775  , 0.004217204086  , 0.003830129598  
0.01493124821   , 0.009578638232  , 0.5543564508    , -0.07059383044  , -0.05195955476  , -0.0003281506931, 0.008876590962  , 0.01777952018   , 0.0009264163496 , -0.005945599658 , -0.006547802786 , -0.007788518946 , 0.0005224546732 , 0.0004390405088 , 0.003008566996  , -0.004688191702 , -8.040683374e-05, 0.004701038039  , -0.01206530802  , 0.002615853677  , 0.004593010281  , -0.0786528205   , -0.04402275019  , 0.01051496795   , -0.1149239437   , -0.07657733699  , -0.01360308669  , 0.007488072554  , 0.005596205477  , 0.007376739967  , 0.0009505968264 , -0.001211566675 , 0.002433023522  , 0.003535763185  , -0.002903882278 , 0.003472268552  , -0.004010750732 , 0.000792439784  , 0.005339563464  , -0.009471609119 , 0.01070960032   , -0.002666487346 , 0.005557670817  , 0.01001919846   , 0.00489180738   , -0.1087682119   , -0.07438792065  , -0.01279727031  , 0.009904096206  , 0.003352553409  , -0.0009218276692, -0.004056209417 , -0.006387124213 , 0.003017138406  , -0.01001927469  , 0.001021798312  , -0.006012920162 , 0.003865727509  , 0.0009730747252 , -0.008700606796 , 0.00492894992   , 0.000477763019  , 0.007046943228  , 0.004243678613  , 0.001745136552  , -0.0004984169206, 0.001577440664  , -0.00601966731  , -0.009095888189 , 0.01154398587   , 0.01106581943   , -0.005109406333 , 0.004994219168  , 0.0004531636444 , 0.004393238415  , 0.002226377228  , 0.008559620314  , -0.001821238527 , 0.0009185128534 , 0.002749881932  , -0.002563908215 , 0.001355706082  , -0.0002947618518, 0.005249653852  , -0.006701080908 , 0.0002303358314 , -0.004203677026 , -0.007772896979 , 0.002557242712  , 0.002223506799  , 0.001359901911  , 0.0003329893874 , 0.0005560628345 , -0.004439374119 , -0.007412354997 , 0.002456994481  
-0.02305982419  , -0.07342623088  , -0.07059383044  , 0.7535564655    , 0.008286847351  , 0.003512067136  , -0.02837464266  , -0.09692593751  , -0.08468918545  , 0.01412675772   , 0.0104737347    , 0.003610041797  , 0.007848814768  , 0.01775628057   , -0.00380670965  , 0.008664201304  , -0.01227447178  , -0.004492112055 , -0.003857335728 , -0.01117104811  , 0.001418326891  , 0.02968341213   , 0.01484835374   , 0.0004541423675 , -0.00572101003  , -0.1211078668   , -0.005075048007 , -0.009404391205 , -0.1196359816   , -0.006390838821 , 0.00556216184   , 0.0189400787    , -0.0007901775561, -0.01582864182  , -0.008480646617 , -0.01693297257  , 0.008688140888  , -0.001313954843 , -0.0009159672326, -0.0008260020901, -0.007291251206 , -0.004909375754 , -0.001367727331 , -0.01228128018  , 0.007338335961  , 0.006201408002  , -0.001329474461 , 0.005792599036  , 0.004811967847  , -0.001841146812 , 0.002327998675  , 0.00665017288   , 0.009079483772  , -0.01285632325  , -0.00167578435  , -0.002895184038 , 0.0004662233615 , -0.0005748220172, 0.006893995118  , 0.001601459128  , 0.01719773672   , -0.001397600127 , 0.00313480646   , 0.00718499819   , -0.0003427204702, -0.002623135759 , -0.0149292432   , -0.006734293582 , -0.0002014298137, 0.007277884178  , -0.001648275359 , 0.00887216421   , 0.01029035613   , -0.004484233783 , -0.0115127756   , 0.005380783881  , 0.003363311539  , 0.004842729065  , -0.005840464766 , 0.001451991494  , -0.007673268761 , -0.007529044356 , -0.01036011617  , 0.00776651201   , 0.003907017523  , -0.0009200719675, 0.0009788077467 , 0.0002215928832 , 0.0001507083273 , -0.006270387514 , -0.004554016828 , -0.006005990463 , -0.002252981852 , 0.01292227471   , 0.001981664882  , -0.006621593684 
-0.07682750749  , -0.01939482109  , -0.05195955476  , 0.008286847351  , 0.5521367937    , 0.004371075442  , -0.06622411125  , -0.01378340665  , -0.05117115884  , 0.0103870104    , -0.01235314209  , 0.007987817358  , -0.007293227201 , -0.009464075287 , 0.0006079575279 , 0.01092916445   , 0.006153998072  , 0.003972399908  , 0.004384561716  , -0.007606432622 , -0.006025480654 , 0.02038765024   , -0.01151161336  , -0.0003766270739, -0.0112836213   , 0.004359390715  , -0.01290972802  , -0.01482213008  , 0.007876559893  , -0.006311746002 , 0.00716285398   , 0.00777195664   , 0.007565334308  , 0.0008586001087 , -0.004240463275 , -0.005226668223 , -0.0055674408   , 0.005907405201  , -0.00847825391  , -0.003401432006 , -0.006981656824 , 0.0015281685    , -0.004631494519 , -0.006755275172 , -0.003233348105 , 0.00297724605   , 0.006698497896  , 0.0005948505918 , -0.007300333952 , 0.006328768511  , -0.001788269885 , 0.002221183508  , 0.00142223201   , -0.002547316001 , -0.004827482171 , -0.00121404679  , -0.009714694199 , 0.0137727816    , 0.01093440421   , 0.007053647849  , -0.00992290613  , -0.004116869253 , -0.003257179413 , 0.004268126972  , 0.00975049206   , -0.0004752608685, 0.0111613216    , -0.0004412911289, 0.007600509953  , 0.007402331846  , -0.001498714343 , 0.001692064889  , 0.006298151107  , 0.00322355349   , -0.008106239338 , -0.001123718021 , -0.002394518315 , -0.006272432135 , 0.00275325527   , 0.008033078958  , -0.008785467392 , 0.006171575375  , -0.002893361802 , -0.01377079435  , -0.002462467751 , 0.001588502955  , -0.006555344523 , -0.001488444834 , 0.003154238096  , 0.003948785351  , -0.003070554003 , -0.008669483295 , -0.009360501289 , 0.003272672683  , -0.005031064197 , -0.01158921883  
-0.0677386832   , -0.03884727685  , -0.0003281506931, 0.003512067136  , 0.004371075442  , 0.5523742315    , -0.07594673794  , -0.04102575663  , 0.007522443987  , -0.008396976183 , 0.009668372836  , 0.002468651003  , 0.01363468162   , 0.01338718506   , 0.003049023163  , -0.008854763394 , 0.0001441435331 , -0.004646998652 , -0.00784312532  , -0.007010494171 , -0.0005799861022, 0.01510453922   , 0.001936278555  , 0.001817230725  , -0.1145526522   , -0.07670695108  , -0.00594880659  , -0.1158673161   , -0.0744953527   , -0.01795657823  , 0.004893419728  , 0.008312319176  , -0.001534067334 , -0.01217297754  , -0.000634314592 , -0.006811549686 , -0.002317865117 , 0.006058748449  , 0.005064492932  , -0.001080868479 , -0.004628981097 , 0.003984996629  , 0.007829023625  , -0.00587355931  , 0.003846010151  , 0.001176547035  , 0.006511519409  , 0.0108798278    , 0.005602930412  , 0.008833769203  , -0.00756893637  , 0.0003008416976 , 0.0005744454353 , -0.004235051163 , 0.01214895095   , 0.004467341201  , 0.000537099858  , 0.002543492892  , 0.007070583406  , 0.003786945263  , -0.007536567538 , 0.002693087086  , 0.001806924699  , -0.005469400596 , -0.0009801350627, -0.009381742954 , -0.006049063922 , -0.003868819158 , 0.004472150724  , -0.005117569799 , 0.008823294434  , 0.0002905271071 , 0.01208362379   , -0.004439871451 , 0.005257529989  , -0.005103951204 , -0.001333320052 , 0.009964752098  , -0.006907776019 , -0.004907855574 , 0.005472398999  , 0.002448575173  , 0.00439357015   , -0.002960132182 , -0.003579159616 , -0.002431038029 , -0.0003295379491, 0.00789230246   , 0.0006768522058 , 0.004260053608  , -0.001306363504 , 0.003050329911  , 0.001318947442  , 0.006839738968  , 0.001152360653  , 0.005994100433  
0.005672242021  , -0.007535679331 , 0.008876590962  , -0.02837464266  , -0.06622411125  , -0.07594673794  , 0.7534214189    , -0.003383571435 , 0.01313764621   , -0.03666246227  , -0.08076064375  , -0.06710559416  , -0.002160372519 , -0.004097231422 , 0.01518650673   , -0.007915749996 , -0.01528510492  , 0.002851595765  , -0.003674038156 , 0.01803351142   , 0.007289739341  , -0.01816165076  , -0.007872731939 , -0.004262039814 , 0.004076715112  , 0.01198334302   , -0.001629758893 , -0.01440753036  , -0.1333688344   , -0.004266302326 , -0.01316417549  , -0.109601228    , 0.002550139004  , 0.00103805895   , 0.006381056776  , -0.0006889626856, -0.0110028769   , -0.01046243316  , -0.004932656752 , 0.01283961156   , 0.005798088238  , -0.005603139597 , 0.009852887176  , 0.006178239802  , -0.00923774158  , 0.009333935578  , -0.001746274415 , -0.002916320008 , -0.01673559523  , 0.0132044371    , 0.01425290445   , -0.009649474848 , -0.006310395283 , -0.006926944725 , 0.01547707781   , -0.005759150429 , 0.002007170273  , 0.007263435587  , -0.001287601621 , -0.01261424245  , 0.007678035577  , 0.003333977008  , -0.003295990813 , -0.007523541014 , 0.00157179827   , 0.01166398081   , 0.0051089892    , -0.004572985571 , 0.0007250448626 , -0.001506501181 , -0.006223008278 , -0.0004614010752, -0.002252128215 , 0.007421058389  , -0.007922316715 , 0.004623363728  , 0.008995589849  , -0.0004300569167, -0.01452068097  , -0.0009944350695, -0.005631528343 , -0.01395590711  , 0.005754789116  , 0.007531631174  , -0.01640804068  , -0.002674124927 , -0.01761060684  , 0.004222499325  , 0.001404610841  , 3.118181648e-05 , -0.006005984254 , -0.006434659366 , -0.01613264842  , -0.005571075406 , 0.007023436765  , -0.005050286381 
-0.009947412344 , -0.005422820318 , 0.01777952018   , -0.09692593751  , -0.01378340665  , -0.04102575663  , -0.003383571435 , 0.5600783274    , 0.008824223023  , -0.09268697597  , -0.01337699925  , -0.04338960909  , -0.00028175786  , -0.01225637696  , 0.0103277918    , 0.007702624369  , -0.003705633561 , -0.006120666973 , -0.001515696569 , 0.0004142505988 , 0.001823403742  , -0.003471846063 , -0.02848434205  , 0.00465046601   , -0.002226911737 , 0.003844241763  , -0.004309937346 , -0.03337886693  , 0.01433458227   , -0.001330745912 , -0.01230931106  , 0.01095357589   , -0.003533199665 , 0.009053816227  , 0.008957073626  , 0.01211172039   , -0.005994056225 , 0.0004538531068 , 0.004702398144  , -0.00522958881  , 0.00793487138   , 0.001629956345  , -0.009184502863 , 0.002609835896  , -0.006201614886 , 0.000434001739  , 0.002209687835  , 0.005375779426  , -0.005503130511 , 0.00993234664   , -0.002391622773 , -0.009421010581 , 0.00353499127   , 0.002563481611  , -0.01664726574  , 0.0001212562239 , -0.005955095823 , -0.0005088092985, -0.004032824342 , -0.000786917618 , -0.009845991392 , -0.00342412411  , -0.004184870505 , 0.001122080904  , 0.007788002629  , 0.006816419044  , 0.005278228807  , -0.004198794025 , 0.008043243904  , -0.001169428076 , -0.00881789668  , 0.003452985938  , -0.002764848998 , 0.0003485579734 , -0.006366492683 , -0.002853251126 , 0.00826235057   , -0.01394504565  , 0.01543383264   , 0.005852548218  , 0.00205295492   , 0.001039844488  , 0.003852149422  , 0.0007746517012 , -0.0117691502   , 0.0122387629    , 0.009187018388  , -0.01897088184  , -0.005296660723 , -0.003189468224 , 0.01217523831   , -0.004771715687 , -0.00162040247  , 7.789615967e-05 , 0.002225157379  , -0.002968233106 
0.01159205956   , 0.01192817415   , 0.0009264163496 , -0.08468918545  , -0.05117115884  , 0.007522443987  , 0.01313764621   , 0.008824223023  , 0.5563473848    , -0.08876308303  , -0.04456654982  , 0.0001275210708 , 0.009467782672  , 0.005434788325  , 0.005223573006  , -0.004838749847 , -0.008831386573 , -0.003216430802 , 0.002290056835  , -0.0005729328215, -0.002691283761 , -0.01869598854  , -0.005420719254 , 0.005528444542  , 0.008171321952  , -3.327123358e-05, 0.005201058655  , -0.112488589    , -0.06742611502  , -0.0202089754   , -0.1088018941   , -0.06778022308  , -0.01045448711  , 0.009568692554  , 0.007586889731  , 0.003295661221  , -0.007833067836 , 0.008200653106  , 0.004530514383  , -0.003720241064 , 0.0006543605725 , -0.003914827691 , 0.01224263295   , 0.002103502561  , -0.00441576903  , 0.003619625201  , 0.003317234187  , -0.009406086639 , 0.002187247381  , 0.002106042483  , -0.003375508108 , -0.001063159477 , 0.007880913605  , 0.002800539706  , 0.01245752075   , -0.004747938427 , 0.001603596898  , -0.006192989342 , -0.01243986403  , 0.001403325522  , -0.001639200604 , 0.006895920716  , 0.002636945501  , 0.001312304772  , -0.001821357444 , 0.005376108399  , 0.003635486892  , -0.003623923493 , 0.005565426433  , -0.006772203205 , 0.009063732992  , 0.001821190622  , 0.0005210974963 , -0.003414964498 , 0.0003900545889 , 5.485021523e-06 , -0.002470721746 , 0.005413102865  , -0.008628997202 , 0.002550274994  , -0.002949701061 , 0.01027125508   , 0.002231901489  , 0.006904874519  , -0.001942452528 , -0.008793282005 , -0.002750502193 , 0.008736519326  , -0.009662528876 , -7.918661485e-05, 0.002081930847  , 0.006493724668  , 0.0002494403164 , -0.004911974268 , -0.002005854508 , 0.0006560279686 
-0.02241843496  , -0.008876965045 , -0.005945599658 , 0.01412675772   , 0.0103870104    , -0.008396976183 , -0.03666246227  , -0.09268697597  , -0.08876308303  , 0.7557073436    , -0.003369910938 , 0.01753278281   , -0.04231631205  , -0.0913428631   , -0.09235729825  , 0.005966224539  , -0.002719421714 , 0.002981617086  , 0.01126540514   , 0.01394669056   , 0.00953347993   , -0.01088249564  , 0.001961282053  , 0.005982642902  , 0.007303860705  , 0.006635563375  , 0.008967079552  , 0.01398262977   , 0.0063340511    , 0.004386570698  , -0.01730592246  , -0.1278903171   , -0.01583715742  , -0.00339557397  , -0.1192102227   , 0.007274030727  , 0.01392069442   , -0.005468323967 , 0.007741328603  , -0.003643668847 , 0.01120315795   , -0.0001051543119, -0.02159735213  , -0.0114143158   , -0.005957486084 , -0.001128487493 , 0.0100488433    , -0.01162602088  , 0.005501263266  , 0.001106406067  , 0.007045815084  , 0.005102742352  , 0.007989905932  , -0.007984598276 , 0.005546421022  , 0.001848911389  , 0.009240340157  , -0.009772625941 , -0.005262022496 , -0.004331145282 , 0.0202746972    , 0.006450883059  , 0.009341537606  , -0.009684750078 , -0.005273803014 , -0.01063416214  , 0.01306049151   , 0.004993545307  , -0.004200154323 , 0.008099622291  , 0.001584853418  , -0.001264818948 , 0.01497035653   , -0.002133137683 , 0.003588051117  , 0.003201099133  , -0.005165498224 , -0.01752151895  , 0.01230866828   , 0.004510417278  , -0.008094935409 , -0.004699174263 , -0.01062514147  , -0.008190809498 , 0.01019777593   , 0.0003461350154 , 0.0005024445719 , 0.004392085726  , -0.0006209272352, -0.00715101814  , 0.01170344951   , -0.004911976086 , -0.006049022602 , -0.02053593928  , -0.007156594118 , -0.004152411286 
-0.00686336707  , 0.009412486354  , -0.006547802786 , 0.0104737347    , -0.01235314209  , 0.009668372836  , -0.08076064375  , -0.01337699925  , -0.04456654982  , -0.003369910938 , 0.5481314205    , 0.006898556244  , -0.0714615678   , 0.002756337364  , -0.0365907123   , -0.02205163315  , -0.007099201975 , 0.001473146946  , 0.01091719503   , -0.006238773431 , -0.003366245462 , 0.007570775625  , 0.01090885379   , -0.008801227422 , -0.002340762863 , -0.008222566732 , -0.0005541796666, 0.003430652709  , 0.002693294411  , -0.002467055343 , -0.00981187515  , 0.00225840927   , -0.008868527812 , -0.02446588537  , 0.005052680912  , -0.01222394728  , 0.0003244780126 , 0.008699091589  , 0.001819529923  , 0.005803852265  , -0.002343061403 , 0.004911832385  , -0.007042053411 , -0.002510861549 , 0.001869512055  , 0.007447544427  , 0.005407464278  , 0.005818305928  , 0.01017287548   , 0.001076096181  , -0.006502230046 , 0.01163875051   , 0.002014132907  , -0.002600043819 , -0.005148705145 , -0.001418966495 , 0.003496052457  , 0.004481786376  , 0.001197453136  , 0.0008211684322 , -0.007551894784 , -0.00176090252  , 0.002103429496  , -0.007587509077 , -0.002337806008 , 0.002764527664  , 0.001976821749  , 0.008057693366  , 0.004751694047  , -0.003740361888 , -0.003042087675 , -0.001591402767 , 0.004627559388  , -0.001007690154 , 0.001568748534  , 0.006639386257  , -0.005696425248 , 0.002756877017  , 0.003076921542  , 0.004130806896  , 0.004207952005  , 0.01346488487   , -0.006725678924 , -0.0004039797322, 0.004398085413  , -0.007087470534 , -0.002078715984 , -0.01602423944  , 0.003008787385  , 0.001194630751  , -0.003714182483 , 0.001410515315  , 0.0007708851262 , -0.00107330538  , -0.00418511981  , -0.01207498639  
-0.004478584614 , 0.009548195813  , -0.007788518946 , 0.003610041797  , 0.007987817358  , 0.002468651003  , -0.06710559416  , -0.04338960909  , 0.0001275210708 , 0.01753278281   , 0.006898556244  , 0.5486646952    , -0.07434466958  , -0.04236429299  , -0.004561117438 , 0.004831812379  , -0.00230316442  , -0.002145243117 , 0.005987031048  , -0.003475105208 , 0.00231402797   , 0.009941452935  , 0.00481737457   , -0.005626595047 , 0.006541901325  , 0.003070521804  , -0.007200488828 , 0.01145295418   , -0.0004313333323, -0.001855790443 , -0.1022562831   , -0.07209119716  , -0.01783437027  , -0.1020939728   , -0.06843314416  , -0.01838505813  , 0.007130778401  , 0.006562706071  , 0.01615271892   , 0.003394969036  , -0.004541041664 , -0.003532359064 , -0.007293359322 , -0.008236885151 , 0.0006792610381 , 0.01287386293   , 0.003730842062  , -0.00254756672  , -0.008127147276 , -0.001569172031 , 0.004314565635  , 0.008113009513  , -0.006891280374 , -0.001404454576 , 0.009134887782  , 0.01409860275   , -0.002415480636 , -0.01304131516  , -0.00445869919  , 0.0137372292    , -0.00556333278  , -0.006809737023 , -0.005381679905 , 0.004869340736  , 0.002400640818  , 0.00882997956   , -0.0114235205   , -0.005145934872 , 0.006767695082  , -0.006604259398 , 0.006066953246  , 0.004929337643  , -0.003146815381 , -0.005544852352 , 0.004964617822  , 0.00187128288   , -0.004922765377 , 0.0006477574098 , 0.004882023334  , -0.001635904918 , -0.003298120874 , -0.006004860576 , 0.0005175279548 , 0.007863070884  , -0.007736693893 , -0.0006248454667, 0.002706765503  , 0.005280254042  , 0.006647705867  , -0.003666897276 , -0.007166676722 , 0.01197689126   , -0.003849263231 , -0.001547430057 , -0.0001085860847, 0.00839484805   
0.008807015115  , 0.001040162096  , 0.0005224546732 , 0.007848814768  , -0.007293227201 , 0.01363468162   , -0.002160372519 , -0.00028175786  , 0.009467782672  , -0.04231631205  , -0.0714615678   , -0.07434466958  , 0.7560840191    , 0.001362149983  , 0.0217453143    , -0.02560529643  , -0.09551815813  , -0.0848942314   , -0.01008588362  , 0.003615119207  , -0.01157670191  , -0.01299545654  , 0.01838786274   , 0.0063264657    , -0.004558721049 , 0.005864246696  , 0.001433739688  , -0.01644122685  , -0.005539877807 , -0.005020034486 , -0.008923958923 , 0.02303846903   , 0.003542959026  , -0.02573480097  , -0.1093286086   , 0.00724113001   , -0.02725633128  , -0.126932536    , -0.009526363455 , 0.0162450483    , 0.004531283191  , -5.495175032e-05, 0.02739892516   , 0.00571785799   , 0.007340907046  , -0.009428837211 , -0.00823115016  , 0.004141391602  , 0.01401530287   , -0.002133747095 , -0.008214504336 , 0.001035431268  , 0.006312339037  , -0.0008822031562, -0.001058230329 , 0.004582749852  , -0.002255421682 , 0.001078529157  , 0.001514656537  , -0.006880189036 , -0.004572918824 , 0.007223254368  , -0.002246203915 , 0.002899675488  , -0.004490567063 , -0.009458365607 , -0.007175195625 , -0.006554946206 , -0.00971734068  , -0.001730522643 , 0.00396464485   , -0.004603192422 , 0.004688087547  , -0.008848253005 , -0.002053639005 , 0.001937551674  , 0.001602697776  , 0.006336235034  , -0.005082496412 , 0.002613603898  , 0.004592900107  , 0.005513902352  , 0.002265052105  , 0.003810876273  , 0.0001759376885 , -0.00259761792  , -0.004759950412 , -0.0001240241152, 0.007356412351  , -0.0003582541156, 0.007822936996  , 0.00352995278   , -0.0002401244471, -0.006600946332 , 0.008073703992  , 0.0002036716652 
0.007268499599  , 0.01286616349   , 0.0004390405088 , 0.01775628057   , -0.009464075287 , 0.01338718506   , -0.004097231422 , -0.01225637696  , 0.005434788325  , -0.0913428631   , 0.002756337364  , -0.04236429299  , 0.001362149983  , 0.5545365387    , 0.01333241248   , -0.08551206449  , -0.01485367816  , -0.04555916177  , 0.01819581223   , -0.02752369208  , -0.0001539985467, 0.002912817923  , 0.00124964068   , 0.003376677308  , -0.01448635084  , -0.01631715853  , 0.003969822436  , -0.008871301947 , -0.006459715406 , 0.0009236108814 , 0.008989455146  , 0.008381160748  , 0.002040382136  , -0.02025375889  , 0.008691603558  , -0.001324443989 , -0.01828608082  , 0.001680003531  , -0.01382493056  , 0.01753362485   , -0.004794437966 , 0.0007066523556 , 0.001384840211  , -0.005787654734 , 0.002958254596  , 0.0008712082999 , -0.003400209596 , 0.007945262781  , -0.00646685127  , 0.01703740895   , -0.002808339115 , 0.001346474018  , 0.004895229688  , -0.003936834311 , -0.0008514558436, -0.00537539715  , 0.002629169475  , -0.01249847475  , -0.002969747071 , -0.003871460822 , -0.004718755009 , 0.004117401016  , 0.00219388556   , 0.006380555852  , 0.003593845329  , 0.0003311446969 , -0.0007604054514, 0.007423726056  , -0.008084398541 , -0.02254227098  , -0.001690164424 , 0.0005459618982 , -0.002025922843 , 0.003226559415  , 0.003453009267  , -0.0002351119333, -0.005635206898 , 0.02013544898   , 0.01067713569   , 0.01054750369   , 0.01540732765   , -0.004242812618 , -0.004024126435 , -0.003910381179 , 0.0004802884797 , -0.01246436681  , 0.00644227526   , 0.002309735572  , 0.0007626952462 , 0.001834064946  , 0.001520784851  , 0.002892127371  , 0.01277425054   , -0.01142930359  , 0.002226550893  , -0.007531989852 
0.003175936408  , -0.002000916353 , 0.003008566996  , -0.00380670965  , 0.0006079575279 , 0.003049023163  , 0.01518650673   , 0.0103277918    , 0.005223573006  , -0.09235729825  , -0.0365907123   , -0.004561117438 , 0.0217453143    , 0.01333241248   , 0.5544367205    , -0.08374423984  , -0.04030798699  , -0.00308446927  , -0.007702458476 , 0.007975766643  , 0.00425678807   , -0.007889882145 , 0.00184390754   , 0.001867061078  , -0.004883682558 , 0.002153659317  , 0.003231421341  , -0.02043083037  , -0.002216089037 , -0.0001014349327, 0.008487669988  , 0.01414381805   , 0.01123313661   , -0.1129525296   , -0.07227560296  , -0.01444161626  , -0.1019593364   , -0.06514485139  , -0.01256690425  , -0.003832670228 , -0.004192515357 , 0.008104732664  , 0.01176548787   , 0.01399487677   , 0.000832138485  , -0.005681344412 , -0.006217809944 , 0.003063629417  , -0.0105667473   , 0.006065977323  , -0.002316042547 , 0.008377561366  , 0.001005247522  , -0.003426708311 , -0.003833752562 , -0.003485631481 , -0.009415476395 , 0.01162548317   , 0.01461120017   , -0.0003086649762, -0.007485482082 , -0.008846781179 , -0.01005078044  , -0.002516871556 , 0.001517035796  , -0.002797703567 , -0.009401635262 , -0.003932821638 , 0.003998071524  , -0.008154250149 , 0.0002134831291 , 0.002062151947  , 0.007463602766  , 0.001891392725  , 0.001030612793  , 0.01886527031   , 0.002306270773  , -0.003023241743 , -0.005436409846 , -0.001231988569 , -0.006009737076 , -0.003323135594 , 0.007748681949  , 0.008749121861  , 0.0006249374249 , 0.00549880476   , 0.006993672351  , 0.007221878075  , 0.004277458958  , 0.003271027878  , -0.002342862173 , 0.001844045185  , -0.003904700955 , 0.006029129755  , -0.001277211467 , -0.005449045019 
0.006513774906  , 0.007063405818  , -0.004688191702 , 0.008664201304  , 0.01092916445   , -0.008854763394 , -0.007915749996 , 0.007702624369  , -0.004838749847 , 0.005966224539  , -0.02205163315  , 0.004831812379  , -0.02560529643  , -0.08551206449  , -0.08374423984  , 0.7542347999    , -0.002944073459 , 0.01122246161   , -0.04115814006  , -0.07594137611  , -0.06875244583  , 0.01637855925   , -0.001633547444 , 0.0003957159094 , 0.008107638421  , 0.001083818833  , -0.002807673203 , 0.009297711376  , 0.001090383802  , -0.008377767187 , 0.002415353043  , 0.01223469501   , -0.01650799597  , 0.0008591208559 , 0.005908637905  , 0.0004166488522 , -0.007355470885 , -0.1172049906   , 0.006205927946  , -0.02845302986  , -0.1176518203   , -0.00303595121  , -0.003885106995 , -0.01404740562  , 0.006175156278  , 0.002998769437  , 0.006738738768  , -0.004719407207 , 0.01015661209   , -0.01013465663  , 0.001232311262  , -0.002010127082 , -0.004818356394 , -0.005115902851 , 0.01196977172   , 0.004434990179  , 0.001981824889  , 0.007823874195  , 0.002083690388  , 0.0009489120642 , -0.006852453377 , -3.507016096e-05, 0.003126935791  , 0.009906763048  , -0.00656128943  , 0.007000849682  , 0.0001311402683 , 0.006919530545  , 0.003141225505  , -0.0009703338613, 0.003453625283  , 0.008951322449  , -0.007044715943 , 0.00459805263   , -0.01091724328  , 0.0003408030068 , 0.004216637728  , 0.003083300012  , 0.005519020221  , -0.009130647603 , -0.00027459275  , -0.005862794614 , 0.003388347471  , 0.001400717341  , -0.01398395408  , 0.006380458877  , 0.001902615093  , -0.01410728938  , -0.003561378114 , 0.003634513652  , -0.004305948769 , -0.006974242783 , 0.000116609696  , 0.007864848363  , -0.0001211140629, 0.002914851312  
-0.0001895617365, -0.002711691033 , -8.040683374e-05, -0.01227447178  , 0.006153998072  , 0.0001441435331 , -0.01528510492  , -0.003705633561 , -0.008831386573 , -0.002719421714 , -0.007099201975 , -0.00230316442  , -0.09551815813  , -0.01485367816  , -0.04030798699  , -0.002944073459 , 0.5498513288    , 0.007936159561  , -0.05983296384  , -0.01054526532  , -0.03425221981  , 0.01100636954   , -0.02050198603  , -0.003918500363 , 0.00213480699   , -0.0001278265306, -0.002616988068 , -0.007410332857 , 0.0009264548967 , -0.005071348324 , 0.01842500241   , 0.001079945133  , 0.004195978153  , 0.01795416076   , 0.008444268263  , 0.003894384864  , -0.018089082    , 0.006357296228  , -0.01140825955  , -0.01356865782  , -0.0025250803   , -0.003448205872 , -0.00173103756  , 0.0007061639323 , -0.001650274256 , 0.01205348807   , 0.002947895271  , 0.00199205839   , 0.007166421603  , 0.008520244616  , 0.003264529441  , -0.005076581055 , 0.001306041229  , -0.004046348374 , -0.007434604334 , -0.01122640512  , 0.004089163273  , 0.006108153179  , 0.005081471107  , -0.0002740351457, -0.005429500643 , 0.0001016298121 , 0.003488671593  , -0.00411160901  , -0.003076583473 , 0.006317633049  , 0.0007865547984 , 0.002828480433  , 0.004648172756  , -0.003754178662 , -0.01336013838  , 0.0004799887267 , 0.00188537493   , 0.002193815981  , 0.0001808902059 , -0.006876080343 , 0.003845802331  , -0.009962698257 , -0.006060204545 , -0.002302957696 , 0.004428689677  , 0.00236807424   , -0.0003026661603, 0.00639946812   , 0.004949955447  , -0.003786398081 , 0.01264185149   , 0.008010049626  , -0.0003318672663, 0.001761286981  , -0.007679837709 , -0.000739823944 , -0.004037778423 , 0.001352573327  , -0.00411499978  , 0.00144129595   
0.001658943614  , 0.001944449186  , 0.004701038039  , -0.004492112055 , 0.003972399908  , -0.004646998652 , 0.002851595765  , -0.006120666973 , -0.003216430802 , 0.002981617086  , 0.001473146946  , -0.002145243117 , -0.0848942314   , -0.04555916177  , -0.00308446927  , 0.01122246161   , 0.007936159561  , 0.5501482164    , -0.08607675427  , -0.04705822976  , 0.007327057721  , 0.001473209816  , -0.008173378871 , 0.009490152326  , 0.008408870861  , -0.002624044626 , -0.00379623176  , -0.00222308129  , 0.01029038786   , -0.002237281017 , 0.01919282043   , -0.01059102651  , 3.757420695e-05 , 0.01060631823   , 0.009261051657  , -0.004254645596 , -0.09855708337  , -0.06354436432  , -0.007428238155 , -0.1129936293   , -0.06304220086  , -0.01430259528  , -0.009643204909 , 0.01350797457   , 0.009725934391  , 0.00239154141   , -0.003681735224 , -0.004275324478 , -0.004958073372 , -0.003089713356 , 0.008048088795  , -0.0006791200639, -0.002668095796 , -0.0004039782065, 0.00267052304   , 0.004432052423  , 0.001717358353  , 0.006763610219  , -0.006422389672 , -0.001377631282 , 0.01818937945   , 0.01085158252   , -0.007375502476 , -0.008541381246 , -0.005822756261 , -0.005554735389 , -0.004313980434 , 0.01181632233   , 0.0008691785338 , 0.005245225478  , -0.006600243515 , 0.007830328328  , -0.005366679486 , 0.0001277777987 , 0.003637209809  , 0.004185154524  , -5.993658075e-06, -0.004627813157 , 0.001692252295  , -0.00114694425  , -0.01104426218  , 0.00142540323   , 0.0001816727985 , 0.001624730385  , -0.002725678127 , 0.002147843186  , 0.0004154794156 , -0.004991324439 , 0.001805453008  , -0.002477046842 , 0.002095783996  , 0.002654721765  , -0.007580273769 , -0.0100465897   , -0.003060965629 , -0.003403687599 
0.009606748902  , 0.005404501215  , -0.01206530802  , -0.003857335728 , 0.004384561716  , -0.00784312532  , -0.003674038156 , -0.001515696569 , 0.002290056835  , 0.01126540514   , 0.01091719503   , 0.005987031048  , -0.01008588362  , 0.01819581223   , -0.007702458476 , -0.04115814006  , -0.05983296384  , -0.08607675427  , 0.7561319123    , -0.008504757875 , 0.01066250756   , -0.02971247542  , -0.06882259852  , -0.08367664382  , -0.007022187071 , 0.006914305887  , -0.0009727973257, 0.01872716285   , -0.001802055408 , 0.01129642671   , 0.01314659071   , 0.003437842444  , 0.001228238149  , -0.01329427096  , -0.008018524333 , -0.007288357022 , 0.0006591886644 , 0.01930819089   , -0.002374995124 , -0.006667560512 , -0.1315308293   , -0.007613881094 , -0.00309837316  , -0.1162024293   , -0.01222602463  , 0.02581450892   , -0.00129955406  , 0.01176751544   , -0.01098118745  , 0.007520012452  , 0.005534064782  , -0.0009124874322, -0.005446477557 , 0.004167315869  , -0.002957467281 , -0.007240641049 , -0.006552055158 , 0.01019523539   , 0.0005335130086 , 0.0001298404215 , 0.009653341657  , 0.006087799939  , 0.007670165745  , -0.005339110459 , 0.01028281933   , -0.003843751873 , -0.00163088613  , -0.007279785918 , -0.01767396963  , 0.002714348176  , -0.002568061113 , -0.004565136513 , -0.006441168338 , 0.005453757875  , -0.007185460339 , -0.01485071147  , 0.00144041982   , 0.0047892112    , -0.01063598887  , 0.00384572891   , -0.001594557791 , -0.005839762777 , -0.005432275761 , -0.007149679447 , -0.007566897453 , -0.001497114819 , -0.002309340211 , 0.01687516076   , 0.007863037989  , -0.007240540782 , 0.006339348084  , 0.01100980533   , 0.01742715557   , -0.01063265086  , -0.006474954676 , -0.0202090796   
0.01014081805   , -0.01344237376  , 0.002615853677  , -0.01117104811  , -0.007606432622 , -0.007010494171 , 0.01803351142   , 0.0004142505988 , -0.0005729328215, 0.01394669056   , -0.006238773431 , -0.003475105208 , 0.003615119207  , -0.02752369208  , 0.007975766643  , -0.07594137611  , -0.01054526532  , -0.04705822976  , -0.008504757875 , 0.5516646339    , 0.01366292606   , -0.09373653458  , -0.008781352045 , -0.04635816326  , 0.004759361586  , -0.001153600796 , 0.004962174487  , -0.01331916322  , 0.002223611124  , 0.003550403522  , -0.004470549516 , -0.01416121542  , 0.003627419322  , 0.0009833113623 , -0.004324925582 , -0.005489328327 , 0.001005574595  , 0.006638872707  , 0.001777395604  , -0.01632604369  , 0.005160738011  , -0.02408962409  , -0.004159066573 , 0.01146814631   , -0.01472645455  , 0.005966786556  , 0.0004000050499 , 0.001562239743  , 0.004197911262  , -0.004908315654 , 0.002417333356  , -0.003231387478 , 0.008016108979  , -0.002641495486 , -0.008397968652 , -0.003644068635 , 0.008576558882  , -0.007901673002 , 0.008148732168  , -0.005078472394 , 0.005975275549  , 0.004489119407  , -0.004072481254 , 0.002134430303  , 0.006725270408  , 0.005535251109  , -0.003552124142 , -0.004790446412 , 1.796616512e-05 , -0.008202547312 , 0.006414501079  , 0.00189304973   , -8.890679371e-05, 0.003939143672  , 0.002168176751  , 0.0001810144917 , 0.005901092833  , -0.00669787321  , -0.004119829893 , 0.005897183279  , -0.004504587897 , 0.001707921724  , 0.002461660567  , -0.007193493238 , 0.008503683221  , 0.001675423975  , 0.0003104501017 , -0.009239084811 , 1.438563109e-05 , 0.001895932002  , -0.00696227911  , 0.001640559956  , 0.0009154718466 , -0.005507944986 , -0.0008944262594, -0.00240664362  
0.008424593477  , 0.007920707103  , 0.004593010281  , 0.001418326891  , -0.006025480654 , -0.0005799861022, 0.007289739341  , 0.001823403742  , -0.002691283761 , 0.00953347993   , -0.003366245462 , 0.00231402797   , -0.01157670191  , -0.0001539985467, 0.00425678807   , -0.06875244583  , -0.03425221981  , 0.007327057721  , 0.01066250756   , 0.01366292606   , 0.5516430104    , -0.09284002206  , -0.04847885296  , 0.007921583241  , 0.006993981548  , -0.006415623276 , 0.0002454324704 , 0.01294751697   , -0.008705181729 , -0.003316041932 , 0.005550475712  , -0.007839795955 , -0.002070974395 , 0.007636480162  , -0.003792410701 , 0.005968999871  , -0.003686123774 , 0.01048084104   , 0.004442391629  , -0.112966757    , -0.06410784226  , -0.018407907    , -0.1094387144   , -0.0667563404   , -0.01062723091  , -0.001411438039 , 0.003344406831  , 0.001218907051  , -0.001845196476 , 0.002003723371  , -0.003761035542 , -0.005111521083 , -0.007230451469 , -0.00244553341  , 0.0042623328    , 0.005026747404  , 0.002084462959  , -0.00502277303  , 0.001516720443  , -0.0040511472   , 0.0001310416443 , 0.00215589964   , 0.002773478042  , 0.004281643444  , 0.01152319682   , 0.0006363505353 , 0.007701464466  , -0.004027439522 , -0.01239338025  , 0.01533230238   , 0.00626119335   , 8.897184634e-06 , 0.007038960265  , 0.0007336401416 , 0.001897357629  , 9.596414527e-05 , 0.005159390643  , 0.002548544602  , -0.01006657535  , -0.000804389108 , -0.01085367241  , -0.001648469419 , 0.002961629234  , 0.006195845776  , -0.005242815014 , 0.00378740173   , -0.003592711268 , 0.004944353831  , 0.001571728276  , 0.001594187404  , 0.001316402757  , -0.002148102846 , 0.001293284074  , -0.00944250661  , 0.003192609772  , -0.004452991413 
-0.02491153565  , -0.1135422501   , -0.0786528205   , 0.02968341213   , 0.02038765024   , 0.01510453922   , -0.01816165076  , -0.003471846063 , -0.01869598854  , -0.01088249564  , 0.007570775625  , 0.009941452935  , -0.01299545654  , 0.002912817923  , -0.007889882145 , 0.01637855925   , 0.01100636954   , 0.001473209816  , -0.02971247542  , -0.09373653458  , -0.09284002206  , 0.7571160984    , -0.001850327373 , 0.009704357525  , -0.001741344088 , 0.004656510841  , -0.002020667993 , 0.01198624869   , -0.006321496789 , 0.01214326122   , -0.007191510711 , -0.0004446097214, -0.01209237932  , 0.006501097793  , 0.008994853973  , -0.002908381437 , -0.002866457029 , -0.003147600949 , -0.01426671489  , 0.02010332881   , 0.01443974726   , 0.0112192917    , -0.02706478006  , -0.1248068944   , 0.006214998628  , -0.01669715179  , -0.1277859367   , -0.001513609431 , -0.01472608165  , -0.007278047245 , 0.003676742534  , -0.001880766866 , 0.006163244461  , 0.01037624688   , 0.005955089761  , -0.004324483323 , 0.002521424167  , 0.01017602693   , -0.00331396882  , 0.01179243612   , -0.008684283407 , -0.006061190877 , 1.505934251e-05 , -0.00452222141  , 0.007124475406  , 0.01421575771   , -0.01473902346  , 0.008230557361  , 0.01113582684   , 0.001196670181  , 3.180789551e-05 , 0.0008213744826 , -0.006898349759 , 0.003435209062  , 0.01227886351   , -0.01716860584  , -0.00473645739  , 0.003402829152  , 0.001774209059  , 0.0007449713168 , -0.001060395584 , -0.008343705778 , -0.001520021644 , -0.01338127744  , -0.004245199189 , -0.004344637659 , 0.002200158111  , -0.01709299654  , 0.000515918117  , -0.006962818813 , 0.00804593507   , 0.00367245416   , -0.001833621276 , 0.0001416754182 , 0.005511136141  , -0.001761471936 
-0.08342300873  , -0.009933966771 , -0.04402275019  , 0.01484835374   , -0.01151161336  , 0.001936278555  , -0.007872731939 , -0.02848434205  , -0.005420719254 , 0.001961282053  , 0.01090885379   , 0.00481737457   , 0.01838786274   , 0.00124964068   , 0.00184390754   , -0.001633547444 , -0.02050198603  , -0.008173378871 , -0.06882259852  , -0.008781352045 , -0.04847885296  , -0.001850327373 , 0.5566108775    , -0.002455840109 , 0.002647269221  , 0.00604547541   , -0.001567561816 , -0.003849655513 , 0.005235560643  , -0.005691260988 , 0.003253190044  , 0.003593594276  , -0.001989149695 , -0.01033526828  , -0.00303607067  , -0.001364925139 , -0.002539331426 , -0.00130429171  , -0.00750737096  , 0.007059232598  , 0.008179945943  , -0.0004620387008, -0.009046179738 , 0.005001403284  , -0.01220993305  , -0.01376078213  , 0.01178115034   , -0.01940545768  , 0.001330000464  , 0.0002939849394 , 0.0006642464855 , -0.003990229179 , -0.005731754014 , -0.001531349081 , 0.01175291117   , 0.009161659859  , 0.008177209688  , -0.005959837515 , 0.005403874681  , 0.006124107295  , 0.01159336851   , -0.003565207197 , 0.001864198627  , 0.005700118308  , 0.0005457331132 , -0.002728152231 , 0.0006970138069 , 0.005400201102  , 0.006184784267  , 0.00569726578   , 0.002702544192  , 0.002499251216  , -0.002762604804 , -0.001204547269 , -0.001485425276 , -0.004573548276 , -0.002524003671 , 0.004443536008  , -0.01067171731  , -0.0005866958595, -0.0006833046723, -0.006008815766 , -0.004088718822 , -0.003182357625 , -0.006763589033 , -0.007239544302 , -0.006290215763 , -0.01083458617  , 0.004710458583  , -0.002887378437 , -0.00843676046  , -0.002347906327 , 0.0008997948955 , -0.001695309364 , -0.0009022881677, -0.0004367427899
